#Hamiltonians used for the computation. Identifiers for the individual runs given
#
[4]
0.064455 0.11216+0.11941i 0.19607+0.028317i 0.24755+0.2607i
0.11216-0.11941i 0.53522 0.26035-0.030801i 0.075965+0.031631i
0.19607-0.028317i 0.26035+0.030801i 0.18636 0.20585+0.096653i
0.24755-0.2607i 0.075965-0.031631i 0.20585-0.096653i 0.54148

[17]
0.41292 0.31528-0.012032i 0.16742-0.012704i 0.32989-0.031103i
0.31528+0.012032i 0.27704 0.16755-0.040336i 0.13324+0.061999i
0.16742+0.012704i 0.16755+0.040336i 0.15926 0.25958+0.014455i
0.32989+0.031103i 0.13324-0.061999i 0.25958-0.014455i 0.26137

[11]
0.42386 0.27782-0.061694i 0.082306-0.20768i 0.29267-0.1703i
0.27782+0.061694i 0.20983 0.08705+0.0070835i 0.32988+0.11489i
0.082306+0.20768i 0.08705-0.0070835i 0.16425 0.18488-0.049449i
0.29267+0.1703i 0.32988-0.11489i 0.18488+0.049449i 0.19081

[16]
0.17985 0.27704+0.27987i 0.17439-0.026251i 0.04212-0.25418i
0.27704-0.27987i 0.49381 0.22281-0.076126i 0.34052-0.1223i
0.17439+0.026251i 0.22281+0.076126i 0.0023727 0.12693+0.18118i
0.04212+0.25418i 0.34052+0.1223i 0.12693-0.18118i 0.1874

[18]
0.027547 0.22492-0.011701i 0.30903+0.087218i 0.1216+0.016909i
0.22492+0.011701i 0.087131 0.47609-0.033029i 0.26476-0.13675i
0.30903-0.087218i 0.47609+0.033029i 0.099369 0.19126-0.10076i
0.1216-0.016909i 0.26476+0.13675i 0.19126+0.10076i 0.39542

[2]
0.24245 0.23223-0.11862i 0.22831+0.016998i 0.23526-0.025099i
0.23223+0.11862i 0.098863 0.18124-0.017598i 0.2329+0.012647i
0.22831-0.016998i 0.18124+0.017598i 0.42653 0.29505-0.016276i
0.23526+0.025099i 0.2329-0.012647i 0.29505+0.016276i 0.30714

[3]
0.29928 0.2792-0.013853i 0.11901+0.13109i 0.36478-0.041812i
0.2792+0.013853i 0.36872 0.12069+0.052657i 0.23025+0.11658i
0.11901-0.13109i 0.12069-0.052657i 0.12848 0.15304+0.11032i
0.36478+0.041812i 0.23025-0.11658i 0.15304-0.11032i 0.3507

[13]
0.27718 0.27098+0.079112i 0.31626-0.022987i 0.158-0.024815i
0.27098-0.079112i 0.24885 0.1303+0.078239i 0.22715-0.083657i
0.31626+0.022987i 0.1303-0.078239i 0.37383 0.24983+0.14193i
0.158+0.024815i 0.22715+0.083657i 0.24983-0.14193i 0.34669

[14]
0.3394 0.15787-0.19401i 0.069585+0.18787i 0.35608-0.062289i
0.15787+0.19401i 0.34048 0.19076+0.23139i 0.1708-0.16891i
0.069585-0.18787i 0.19076-0.23139i 0.0099537 0.24231+0.00068884i
0.35608+0.062289i 0.1708+0.16891i 0.24231-0.00068884i 0.43824

[1]
0.080695 0.15764+0.12416i 0.36496-0.081438i 0.16324+0.15898i
0.15764-0.12416i 0.1715 0.31898+0.17248i 0.14273-0.1156i
0.36496+0.081438i 0.31898-0.17248i 0.33323 0.3102+0.13781i
0.16324-0.15898i 0.14273+0.1156i 0.3102-0.13781i 0.23681

[8]
0.38081 0.36836+0.063153i 0.15612-0.10055i 0.21616+0.0042352i
0.36836-0.063153i 0.29536 0.28882+0.1894i 0.22287+0.069389i
0.15612+0.10055i 0.28882-0.1894i 0.11105 0.21806+0.064155i
0.21616-0.0042352i 0.22287-0.069389i 0.21806-0.064155i 0.057251

[12]
0.26208 0.38539-0.13036i 0.29155-0.079395i 0.13194-0.15137i
0.38539+0.13036i 0.22986 0.20913-0.059185i 0.15922-0.028957i
0.29155+0.079395i 0.20913+0.059185i 0.029498 0.35595-0.021589i
0.13194+0.15137i 0.15922+0.028957i 0.35595+0.021589i 0.16383

[6]
0.28997 0.27292-0.0098564i 0.08078-0.16885i 0.11965+0.0019345i
0.27292+0.0098564i 0.11828 0.35499+0.15338i 0.35458-0.086577i
0.08078+0.16885i 0.35499-0.15338i 0.067637 0.29529+0.033395i
0.11965-0.0019345i 0.35458+0.086577i 0.29529-0.033395i 0.39609

[5]
0.13918 0.32079+0.11328i 0.1946+0.093618i 0.25945-0.083769i
0.32079-0.11328i 0.33778 0.1461-0.16336i 0.21898-0.10312i
0.1946-0.093618i 0.1461+0.16336i 0.2239 0.32405+0.0098264i
0.25945+0.083769i 0.21898+0.10312i 0.32405-0.0098264i 0.14621

[10]
0.098462 0.26796-0.024733i 0.26607+0.044427i 0.35846-0.028325i
0.26796+0.024733i 0.23903 0.070757-0.026298i 0.23642-0.012769i
0.26607-0.044427i 0.070757+0.026298i 0.35908 0.28654-0.030575i
0.35846+0.028325i 0.23642+0.012769i 0.28654+0.030575i 0.26514

[7]
0.051041 0.41938+0.061625i 0.29911-0.13154i 0.33938-0.02219i
0.41938-0.061625i 0.074255 0.128-0.25785i 0.10714+0.25042i
0.29911+0.13154i 0.128+0.25785i 0.21178 0.32-0.041909i
0.33938+0.02219i 0.10714-0.25042i 0.32+0.041909i 0.24282

[15]
0.32413 0.053961-0.099061i 0.34064-0.0071216i 0.22297-0.056619i
0.053961+0.099061i 0.39877 0.26478+0.021975i 0.21127-0.030008i
0.34064+0.0071216i 0.26478-0.021975i 0.19202 0.32285-0.05813i
0.22297+0.056619i 0.21127+0.030008i 0.32285+0.05813i 0.15601

[9]
0.35638 0.10857+0.037754i 0.20783-0.031967i 0.17924+0.17294i
0.10857-0.037754i 0.16862 0.29898-0.033416i 0.21041+0.010045i
0.20783+0.031967i 0.29898+0.033416i 0.31326 0.32507-0.11006i
0.17924-0.17294i 0.21041-0.010045i 0.32507+0.11006i 0.35252

[19]
0.32323 0.10608+0.0096825i 0.38484-0.15909i 0.26299+0.075034i
0.10608-0.0096825i 0.25592 0.16157+0.095723i 0.46102+0.016746i
0.38484+0.15909i 0.16157-0.095723i 0.01195 0.1751-0.096625i
0.26299-0.075034i 0.46102-0.016746i 0.1751+0.096625i 0.21652

[20]
0.54431 0.22982+0.099413i 0.1064-0.10603i 0.27472+0.1164i
0.22982-0.099413i 0.21864 0.21756-0.029102i 0.19558+0.027499i
0.1064+0.10603i 0.21756+0.029102i 0.0064059 0.29794-0.22893i
0.27472-0.1164i 0.19558-0.027499i 0.29794+0.22893i 0.3322

[34]
0.3394 0.15787-0.19401i 0.069585+0.18787i 0.35608-0.062289i
0.15787+0.19401i 0.34048 0.19076+0.23139i 0.1708-0.16891i
0.069585-0.18787i 0.19076-0.23139i 0.0099537 0.24231+0.00068884i
0.35608+0.062289i 0.1708+0.16891i 0.24231-0.00068884i 0.43824

[38]
0.027547 0.22492-0.011701i 0.30903+0.087218i 0.1216+0.016909i
0.22492+0.011701i 0.087131 0.47609-0.033029i 0.26476-0.13675i
0.30903-0.087218i 0.47609+0.033029i 0.099369 0.19126-0.10076i
0.1216-0.016909i 0.26476+0.13675i 0.19126+0.10076i 0.39542

[33]
0.27718 0.27098+0.079112i 0.31626-0.022987i 0.158-0.024815i
0.27098-0.079112i 0.24885 0.1303+0.078239i 0.22715-0.083657i
0.31626+0.022987i 0.1303-0.078239i 0.37383 0.24983+0.14193i
0.158+0.024815i 0.22715+0.083657i 0.24983-0.14193i 0.34669

[37]
0.41292 0.31528-0.012032i 0.16742-0.012704i 0.32989-0.031103i
0.31528+0.012032i 0.27704 0.16755-0.040336i 0.13324+0.061999i
0.16742+0.012704i 0.16755+0.040336i 0.15926 0.25958+0.014455i
0.32989+0.031103i 0.13324-0.061999i 0.25958-0.014455i 0.26137

[24]
0.064455 0.11216+0.11941i 0.19607+0.028317i 0.24755+0.2607i
0.11216-0.11941i 0.53522 0.26035-0.030801i 0.075965+0.031631i
0.19607-0.028317i 0.26035+0.030801i 0.18636 0.20585+0.096653i
0.24755-0.2607i 0.075965-0.031631i 0.20585-0.096653i 0.54148

[31]
0.42386 0.27782-0.061694i 0.082306-0.20768i 0.29267-0.1703i
0.27782+0.061694i 0.20983 0.08705+0.0070835i 0.32988+0.11489i
0.082306+0.20768i 0.08705-0.0070835i 0.16425 0.18488-0.049449i
0.29267+0.1703i 0.32988-0.11489i 0.18488+0.049449i 0.19081

[35]
0.32413 0.053961-0.099061i 0.34064-0.0071216i 0.22297-0.056619i
0.053961+0.099061i 0.39877 0.26478+0.021975i 0.21127-0.030008i
0.34064+0.0071216i 0.26478-0.021975i 0.19202 0.32285-0.05813i
0.22297+0.056619i 0.21127+0.030008i 0.32285+0.05813i 0.15601

[21]
0.080695 0.15764+0.12416i 0.36496-0.081438i 0.16324+0.15898i
0.15764-0.12416i 0.1715 0.31898+0.17248i 0.14273-0.1156i
0.36496+0.081438i 0.31898-0.17248i 0.33323 0.3102+0.13781i
0.16324-0.15898i 0.14273+0.1156i 0.3102-0.13781i 0.23681

[25]
0.13918 0.32079+0.11328i 0.1946+0.093618i 0.25945-0.083769i
0.32079-0.11328i 0.33778 0.1461-0.16336i 0.21898-0.10312i
0.1946-0.093618i 0.1461+0.16336i 0.2239 0.32405+0.0098264i
0.25945+0.083769i 0.21898+0.10312i 0.32405-0.0098264i 0.14621

[32]
0.26208 0.38539-0.13036i 0.29155-0.079395i 0.13194-0.15137i
0.38539+0.13036i 0.22986 0.20913-0.059185i 0.15922-0.028957i
0.29155+0.079395i 0.20913+0.059185i 0.029498 0.35595-0.021589i
0.13194+0.15137i 0.15922+0.028957i 0.35595+0.021589i 0.16383

[28]
0.38081 0.36836+0.063153i 0.15612-0.10055i 0.21616+0.0042352i
0.36836-0.063153i 0.29536 0.28882+0.1894i 0.22287+0.069389i
0.15612+0.10055i 0.28882-0.1894i 0.11105 0.21806+0.064155i
0.21616-0.0042352i 0.22287-0.069389i 0.21806-0.064155i 0.057251

[26]
0.28997 0.27292-0.0098564i 0.08078-0.16885i 0.11965+0.0019345i
0.27292+0.0098564i 0.11828 0.35499+0.15338i 0.35458-0.086577i
0.08078+0.16885i 0.35499-0.15338i 0.067637 0.29529+0.033395i
0.11965-0.0019345i 0.35458+0.086577i 0.29529-0.033395i 0.39609

[29]
0.35638 0.10857+0.037754i 0.20783-0.031967i 0.17924+0.17294i
0.10857-0.037754i 0.16862 0.29898-0.033416i 0.21041+0.010045i
0.20783+0.031967i 0.29898+0.033416i 0.31326 0.32507-0.11006i
0.17924-0.17294i 0.21041-0.010045i 0.32507+0.11006i 0.35252

[27]
0.051041 0.41938+0.061625i 0.29911-0.13154i 0.33938-0.02219i
0.41938-0.061625i 0.074255 0.128-0.25785i 0.10714+0.25042i
0.29911+0.13154i 0.128+0.25785i 0.21178 0.32-0.041909i
0.33938+0.02219i 0.10714-0.25042i 0.32+0.041909i 0.24282

[36]
0.17985 0.27704+0.27987i 0.17439-0.026251i 0.04212-0.25418i
0.27704-0.27987i 0.49381 0.22281-0.076126i 0.34052-0.1223i
0.17439+0.026251i 0.22281+0.076126i 0.0023727 0.12693+0.18118i
0.04212+0.25418i 0.34052+0.1223i 0.12693-0.18118i 0.1874

[22]
0.24245 0.23223-0.11862i 0.22831+0.016998i 0.23526-0.025099i
0.23223+0.11862i 0.098863 0.18124-0.017598i 0.2329+0.012647i
0.22831-0.016998i 0.18124+0.017598i 0.42653 0.29505-0.016276i
0.23526+0.025099i 0.2329-0.012647i 0.29505+0.016276i 0.30714

[30]
0.098462 0.26796-0.024733i 0.26607+0.044427i 0.35846-0.028325i
0.26796+0.024733i 0.23903 0.070757-0.026298i 0.23642-0.012769i
0.26607-0.044427i 0.070757+0.026298i 0.35908 0.28654-0.030575i
0.35846+0.028325i 0.23642+0.012769i 0.28654+0.030575i 0.26514

[23]
0.29928 0.2792-0.013853i 0.11901+0.13109i 0.36478-0.041812i
0.2792+0.013853i 0.36872 0.12069+0.052657i 0.23025+0.11658i
0.11901-0.13109i 0.12069-0.052657i 0.12848 0.15304+0.11032i
0.36478+0.041812i 0.23025-0.11658i 0.15304-0.11032i 0.3507

[39]
0.32323 0.10608+0.0096825i 0.38484-0.15909i 0.26299+0.075034i
0.10608-0.0096825i 0.25592 0.16157+0.095723i 0.46102+0.016746i
0.38484+0.15909i 0.16157-0.095723i 0.01195 0.1751-0.096625i
0.26299-0.075034i 0.46102-0.016746i 0.1751+0.096625i 0.21652

[40]
0.54431 0.22982+0.099413i 0.1064-0.10603i 0.27472+0.1164i
0.22982-0.099413i 0.21864 0.21756-0.029102i 0.19558+0.027499i
0.1064+0.10603i 0.21756+0.029102i 0.0064059 0.29794-0.22893i
0.27472-0.1164i 0.19558-0.027499i 0.29794+0.22893i 0.3322

[45]
0.13918 0.32079+0.11328i 0.1946+0.093618i 0.25945-0.083769i
0.32079-0.11328i 0.33778 0.1461-0.16336i 0.21898-0.10312i
0.1946-0.093618i 0.1461+0.16336i 0.2239 0.32405+0.0098264i
0.25945+0.083769i 0.21898+0.10312i 0.32405-0.0098264i 0.14621

[48]
0.38081 0.36836+0.063153i 0.15612-0.10055i 0.21616+0.0042352i
0.36836-0.063153i 0.29536 0.28882+0.1894i 0.22287+0.069389i
0.15612+0.10055i 0.28882-0.1894i 0.11105 0.21806+0.064155i
0.21616-0.0042352i 0.22287-0.069389i 0.21806-0.064155i 0.057251

[47]
0.051041 0.41938+0.061625i 0.29911-0.13154i 0.33938-0.02219i
0.41938-0.061625i 0.074255 0.128-0.25785i 0.10714+0.25042i
0.29911+0.13154i 0.128+0.25785i 0.21178 0.32-0.041909i
0.33938+0.02219i 0.10714-0.25042i 0.32+0.041909i 0.24282

[52]
0.26208 0.38539-0.13036i 0.29155-0.079395i 0.13194-0.15137i
0.38539+0.13036i 0.22986 0.20913-0.059185i 0.15922-0.028957i
0.29155+0.079395i 0.20913+0.059185i 0.029498 0.35595-0.021589i
0.13194+0.15137i 0.15922+0.028957i 0.35595+0.021589i 0.16383

[46]
0.28997 0.27292-0.0098564i 0.08078-0.16885i 0.11965+0.0019345i
0.27292+0.0098564i 0.11828 0.35499+0.15338i 0.35458-0.086577i
0.08078+0.16885i 0.35499-0.15338i 0.067637 0.29529+0.033395i
0.11965-0.0019345i 0.35458+0.086577i 0.29529-0.033395i 0.39609

[50]
0.098462 0.26796-0.024733i 0.26607+0.044427i 0.35846-0.028325i
0.26796+0.024733i 0.23903 0.070757-0.026298i 0.23642-0.012769i
0.26607-0.044427i 0.070757+0.026298i 0.35908 0.28654-0.030575i
0.35846+0.028325i 0.23642+0.012769i 0.28654+0.030575i 0.26514

[43]
0.29928 0.2792-0.013853i 0.11901+0.13109i 0.36478-0.041812i
0.2792+0.013853i 0.36872 0.12069+0.052657i 0.23025+0.11658i
0.11901-0.13109i 0.12069-0.052657i 0.12848 0.15304+0.11032i
0.36478+0.041812i 0.23025-0.11658i 0.15304-0.11032i 0.3507

[56]
0.17985 0.27704+0.27987i 0.17439-0.026251i 0.04212-0.25418i
0.27704-0.27987i 0.49381 0.22281-0.076126i 0.34052-0.1223i
0.17439+0.026251i 0.22281+0.076126i 0.0023727 0.12693+0.18118i
0.04212+0.25418i 0.34052+0.1223i 0.12693-0.18118i 0.1874

[58]
0.027547 0.22492-0.011701i 0.30903+0.087218i 0.1216+0.016909i
0.22492+0.011701i 0.087131 0.47609-0.033029i 0.26476-0.13675i
0.30903-0.087218i 0.47609+0.033029i 0.099369 0.19126-0.10076i
0.1216-0.016909i 0.26476+0.13675i 0.19126+0.10076i 0.39542

[54]
0.3394 0.15787-0.19401i 0.069585+0.18787i 0.35608-0.062289i
0.15787+0.19401i 0.34048 0.19076+0.23139i 0.1708-0.16891i
0.069585-0.18787i 0.19076-0.23139i 0.0099537 0.24231+0.00068884i
0.35608+0.062289i 0.1708+0.16891i 0.24231-0.00068884i 0.43824

[55]
0.32413 0.053961-0.099061i 0.34064-0.0071216i 0.22297-0.056619i
0.053961+0.099061i 0.39877 0.26478+0.021975i 0.21127-0.030008i
0.34064+0.0071216i 0.26478-0.021975i 0.19202 0.32285-0.05813i
0.22297+0.056619i 0.21127+0.030008i 0.32285+0.05813i 0.15601

[57]
0.41292 0.31528-0.012032i 0.16742-0.012704i 0.32989-0.031103i
0.31528+0.012032i 0.27704 0.16755-0.040336i 0.13324+0.061999i
0.16742+0.012704i 0.16755+0.040336i 0.15926 0.25958+0.014455i
0.32989+0.031103i 0.13324-0.061999i 0.25958-0.014455i 0.26137

[53]
0.27718 0.27098+0.079112i 0.31626-0.022987i 0.158-0.024815i
0.27098-0.079112i 0.24885 0.1303+0.078239i 0.22715-0.083657i
0.31626+0.022987i 0.1303-0.078239i 0.37383 0.24983+0.14193i
0.158+0.024815i 0.22715+0.083657i 0.24983-0.14193i 0.34669

[44]
0.064455 0.11216+0.11941i 0.19607+0.028317i 0.24755+0.2607i
0.11216-0.11941i 0.53522 0.26035-0.030801i 0.075965+0.031631i
0.19607-0.028317i 0.26035+0.030801i 0.18636 0.20585+0.096653i
0.24755-0.2607i 0.075965-0.031631i 0.20585-0.096653i 0.54148

[51]
0.42386 0.27782-0.061694i 0.082306-0.20768i 0.29267-0.1703i
0.27782+0.061694i 0.20983 0.08705+0.0070835i 0.32988+0.11489i
0.082306+0.20768i 0.08705-0.0070835i 0.16425 0.18488-0.049449i
0.29267+0.1703i 0.32988-0.11489i 0.18488+0.049449i 0.19081

[49]
0.35638 0.10857+0.037754i 0.20783-0.031967i 0.17924+0.17294i
0.10857-0.037754i 0.16862 0.29898-0.033416i 0.21041+0.010045i
0.20783+0.031967i 0.29898+0.033416i 0.31326 0.32507-0.11006i
0.17924-0.17294i 0.21041-0.010045i 0.32507+0.11006i 0.35252

[42]
0.24245 0.23223-0.11862i 0.22831+0.016998i 0.23526-0.025099i
0.23223+0.11862i 0.098863 0.18124-0.017598i 0.2329+0.012647i
0.22831-0.016998i 0.18124+0.017598i 0.42653 0.29505-0.016276i
0.23526+0.025099i 0.2329-0.012647i 0.29505+0.016276i 0.30714

[41]
0.080695 0.15764+0.12416i 0.36496-0.081438i 0.16324+0.15898i
0.15764-0.12416i 0.1715 0.31898+0.17248i 0.14273-0.1156i
0.36496+0.081438i 0.31898-0.17248i 0.33323 0.3102+0.13781i
0.16324-0.15898i 0.14273+0.1156i 0.3102-0.13781i 0.23681

[60]
0.54431 0.22982+0.099413i 0.1064-0.10603i 0.27472+0.1164i
0.22982-0.099413i 0.21864 0.21756-0.029102i 0.19558+0.027499i
0.1064+0.10603i 0.21756+0.029102i 0.0064059 0.29794-0.22893i
0.27472-0.1164i 0.19558-0.027499i 0.29794+0.22893i 0.3322

[59]
0.32323 0.10608+0.0096825i 0.38484-0.15909i 0.26299+0.075034i
0.10608-0.0096825i 0.25592 0.16157+0.095723i 0.46102+0.016746i
0.38484+0.15909i 0.16157-0.095723i 0.01195 0.1751-0.096625i
0.26299-0.075034i 0.46102-0.016746i 0.1751+0.096625i 0.21652

[75]
0.32413 0.053961-0.099061i 0.34064-0.0071216i 0.22297-0.056619i
0.053961+0.099061i 0.39877 0.26478+0.021975i 0.21127-0.030008i
0.34064+0.0071216i 0.26478-0.021975i 0.19202 0.32285-0.05813i
0.22297+0.056619i 0.21127+0.030008i 0.32285+0.05813i 0.15601

[65]
0.13918 0.32079+0.11328i 0.1946+0.093618i 0.25945-0.083769i
0.32079-0.11328i 0.33778 0.1461-0.16336i 0.21898-0.10312i
0.1946-0.093618i 0.1461+0.16336i 0.2239 0.32405+0.0098264i
0.25945+0.083769i 0.21898+0.10312i 0.32405-0.0098264i 0.14621

[77]
0.41292 0.31528-0.012032i 0.16742-0.012704i 0.32989-0.031103i
0.31528+0.012032i 0.27704 0.16755-0.040336i 0.13324+0.061999i
0.16742+0.012704i 0.16755+0.040336i 0.15926 0.25958+0.014455i
0.32989+0.031103i 0.13324-0.061999i 0.25958-0.014455i 0.26137

[72]
0.26208 0.38539-0.13036i 0.29155-0.079395i 0.13194-0.15137i
0.38539+0.13036i 0.22986 0.20913-0.059185i 0.15922-0.028957i
0.29155+0.079395i 0.20913+0.059185i 0.029498 0.35595-0.021589i
0.13194+0.15137i 0.15922+0.028957i 0.35595+0.021589i 0.16383

[67]
0.051041 0.41938+0.061625i 0.29911-0.13154i 0.33938-0.02219i
0.41938-0.061625i 0.074255 0.128-0.25785i 0.10714+0.25042i
0.29911+0.13154i 0.128+0.25785i 0.21178 0.32-0.041909i
0.33938+0.02219i 0.10714-0.25042i 0.32+0.041909i 0.24282

[62]
0.24245 0.23223-0.11862i 0.22831+0.016998i 0.23526-0.025099i
0.23223+0.11862i 0.098863 0.18124-0.017598i 0.2329+0.012647i
0.22831-0.016998i 0.18124+0.017598i 0.42653 0.29505-0.016276i
0.23526+0.025099i 0.2329-0.012647i 0.29505+0.016276i 0.30714

[66]
0.28997 0.27292-0.0098564i 0.08078-0.16885i 0.11965+0.0019345i
0.27292+0.0098564i 0.11828 0.35499+0.15338i 0.35458-0.086577i
0.08078+0.16885i 0.35499-0.15338i 0.067637 0.29529+0.033395i
0.11965-0.0019345i 0.35458+0.086577i 0.29529-0.033395i 0.39609

[69]
0.35638 0.10857+0.037754i 0.20783-0.031967i 0.17924+0.17294i
0.10857-0.037754i 0.16862 0.29898-0.033416i 0.21041+0.010045i
0.20783+0.031967i 0.29898+0.033416i 0.31326 0.32507-0.11006i
0.17924-0.17294i 0.21041-0.010045i 0.32507+0.11006i 0.35252

[73]
0.27718 0.27098+0.079112i 0.31626-0.022987i 0.158-0.024815i
0.27098-0.079112i 0.24885 0.1303+0.078239i 0.22715-0.083657i
0.31626+0.022987i 0.1303-0.078239i 0.37383 0.24983+0.14193i
0.158+0.024815i 0.22715+0.083657i 0.24983-0.14193i 0.34669

[78]
0.027547 0.22492-0.011701i 0.30903+0.087218i 0.1216+0.016909i
0.22492+0.011701i 0.087131 0.47609-0.033029i 0.26476-0.13675i
0.30903-0.087218i 0.47609+0.033029i 0.099369 0.19126-0.10076i
0.1216-0.016909i 0.26476+0.13675i 0.19126+0.10076i 0.39542

[68]
0.38081 0.36836+0.063153i 0.15612-0.10055i 0.21616+0.0042352i
0.36836-0.063153i 0.29536 0.28882+0.1894i 0.22287+0.069389i
0.15612+0.10055i 0.28882-0.1894i 0.11105 0.21806+0.064155i
0.21616-0.0042352i 0.22287-0.069389i 0.21806-0.064155i 0.057251

[70]
0.098462 0.26796-0.024733i 0.26607+0.044427i 0.35846-0.028325i
0.26796+0.024733i 0.23903 0.070757-0.026298i 0.23642-0.012769i
0.26607-0.044427i 0.070757+0.026298i 0.35908 0.28654-0.030575i
0.35846+0.028325i 0.23642+0.012769i 0.28654+0.030575i 0.26514

[64]
0.064455 0.11216+0.11941i 0.19607+0.028317i 0.24755+0.2607i
0.11216-0.11941i 0.53522 0.26035-0.030801i 0.075965+0.031631i
0.19607-0.028317i 0.26035+0.030801i 0.18636 0.20585+0.096653i
0.24755-0.2607i 0.075965-0.031631i 0.20585-0.096653i 0.54148

[76]
0.17985 0.27704+0.27987i 0.17439-0.026251i 0.04212-0.25418i
0.27704-0.27987i 0.49381 0.22281-0.076126i 0.34052-0.1223i
0.17439+0.026251i 0.22281+0.076126i 0.0023727 0.12693+0.18118i
0.04212+0.25418i 0.34052+0.1223i 0.12693-0.18118i 0.1874

[61]
0.080695 0.15764+0.12416i 0.36496-0.081438i 0.16324+0.15898i
0.15764-0.12416i 0.1715 0.31898+0.17248i 0.14273-0.1156i
0.36496+0.081438i 0.31898-0.17248i 0.33323 0.3102+0.13781i
0.16324-0.15898i 0.14273+0.1156i 0.3102-0.13781i 0.23681

[74]
0.3394 0.15787-0.19401i 0.069585+0.18787i 0.35608-0.062289i
0.15787+0.19401i 0.34048 0.19076+0.23139i 0.1708-0.16891i
0.069585-0.18787i 0.19076-0.23139i 0.0099537 0.24231+0.00068884i
0.35608+0.062289i 0.1708+0.16891i 0.24231-0.00068884i 0.43824

[63]
0.29928 0.2792-0.013853i 0.11901+0.13109i 0.36478-0.041812i
0.2792+0.013853i 0.36872 0.12069+0.052657i 0.23025+0.11658i
0.11901-0.13109i 0.12069-0.052657i 0.12848 0.15304+0.11032i
0.36478+0.041812i 0.23025-0.11658i 0.15304-0.11032i 0.3507

[71]
0.42386 0.27782-0.061694i 0.082306-0.20768i 0.29267-0.1703i
0.27782+0.061694i 0.20983 0.08705+0.0070835i 0.32988+0.11489i
0.082306+0.20768i 0.08705-0.0070835i 0.16425 0.18488-0.049449i
0.29267+0.1703i 0.32988-0.11489i 0.18488+0.049449i 0.19081

[80]
0.54431 0.22982+0.099413i 0.1064-0.10603i 0.27472+0.1164i
0.22982-0.099413i 0.21864 0.21756-0.029102i 0.19558+0.027499i
0.1064+0.10603i 0.21756+0.029102i 0.0064059 0.29794-0.22893i
0.27472-0.1164i 0.19558-0.027499i 0.29794+0.22893i 0.3322

[79]
0.32323 0.10608+0.0096825i 0.38484-0.15909i 0.26299+0.075034i
0.10608-0.0096825i 0.25592 0.16157+0.095723i 0.46102+0.016746i
0.38484+0.15909i 0.16157-0.095723i 0.01195 0.1751-0.096625i
0.26299-0.075034i 0.46102-0.016746i 0.1751+0.096625i 0.21652

[95]
0.32413 0.053961-0.099061i 0.34064-0.0071216i 0.22297-0.056619i
0.053961+0.099061i 0.39877 0.26478+0.021975i 0.21127-0.030008i
0.34064+0.0071216i 0.26478-0.021975i 0.19202 0.32285-0.05813i
0.22297+0.056619i 0.21127+0.030008i 0.32285+0.05813i 0.15601

[82]
0.24245 0.23223-0.11862i 0.22831+0.016998i 0.23526-0.025099i
0.23223+0.11862i 0.098863 0.18124-0.017598i 0.2329+0.012647i
0.22831-0.016998i 0.18124+0.017598i 0.42653 0.29505-0.016276i
0.23526+0.025099i 0.2329-0.012647i 0.29505+0.016276i 0.30714

[85]
0.13918 0.32079+0.11328i 0.1946+0.093618i 0.25945-0.083769i
0.32079-0.11328i 0.33778 0.1461-0.16336i 0.21898-0.10312i
0.1946-0.093618i 0.1461+0.16336i 0.2239 0.32405+0.0098264i
0.25945+0.083769i 0.21898+0.10312i 0.32405-0.0098264i 0.14621

[87]
0.051041 0.41938+0.061625i 0.29911-0.13154i 0.33938-0.02219i
0.41938-0.061625i 0.074255 0.128-0.25785i 0.10714+0.25042i
0.29911+0.13154i 0.128+0.25785i 0.21178 0.32-0.041909i
0.33938+0.02219i 0.10714-0.25042i 0.32+0.041909i 0.24282

[98]
0.027547 0.22492-0.011701i 0.30903+0.087218i 0.1216+0.016909i
0.22492+0.011701i 0.087131 0.47609-0.033029i 0.26476-0.13675i
0.30903-0.087218i 0.47609+0.033029i 0.099369 0.19126-0.10076i
0.1216-0.016909i 0.26476+0.13675i 0.19126+0.10076i 0.39542

[81]
0.080695 0.15764+0.12416i 0.36496-0.081438i 0.16324+0.15898i
0.15764-0.12416i 0.1715 0.31898+0.17248i 0.14273-0.1156i
0.36496+0.081438i 0.31898-0.17248i 0.33323 0.3102+0.13781i
0.16324-0.15898i 0.14273+0.1156i 0.3102-0.13781i 0.23681

[86]
0.28997 0.27292-0.0098564i 0.08078-0.16885i 0.11965+0.0019345i
0.27292+0.0098564i 0.11828 0.35499+0.15338i 0.35458-0.086577i
0.08078+0.16885i 0.35499-0.15338i 0.067637 0.29529+0.033395i
0.11965-0.0019345i 0.35458+0.086577i 0.29529-0.033395i 0.39609

[91]
0.42386 0.27782-0.061694i 0.082306-0.20768i 0.29267-0.1703i
0.27782+0.061694i 0.20983 0.08705+0.0070835i 0.32988+0.11489i
0.082306+0.20768i 0.08705-0.0070835i 0.16425 0.18488-0.049449i
0.29267+0.1703i 0.32988-0.11489i 0.18488+0.049449i 0.19081

[89]
0.35638 0.10857+0.037754i 0.20783-0.031967i 0.17924+0.17294i
0.10857-0.037754i 0.16862 0.29898-0.033416i 0.21041+0.010045i
0.20783+0.031967i 0.29898+0.033416i 0.31326 0.32507-0.11006i
0.17924-0.17294i 0.21041-0.010045i 0.32507+0.11006i 0.35252

[96]
0.17985 0.27704+0.27987i 0.17439-0.026251i 0.04212-0.25418i
0.27704-0.27987i 0.49381 0.22281-0.076126i 0.34052-0.1223i
0.17439+0.026251i 0.22281+0.076126i 0.0023727 0.12693+0.18118i
0.04212+0.25418i 0.34052+0.1223i 0.12693-0.18118i 0.1874

[88]
0.38081 0.36836+0.063153i 0.15612-0.10055i 0.21616+0.0042352i
0.36836-0.063153i 0.29536 0.28882+0.1894i 0.22287+0.069389i
0.15612+0.10055i 0.28882-0.1894i 0.11105 0.21806+0.064155i
0.21616-0.0042352i 0.22287-0.069389i 0.21806-0.064155i 0.057251

[94]
0.3394 0.15787-0.19401i 0.069585+0.18787i 0.35608-0.062289i
0.15787+0.19401i 0.34048 0.19076+0.23139i 0.1708-0.16891i
0.069585-0.18787i 0.19076-0.23139i 0.0099537 0.24231+0.00068884i
0.35608+0.062289i 0.1708+0.16891i 0.24231-0.00068884i 0.43824

[90]
0.098462 0.26796-0.024733i 0.26607+0.044427i 0.35846-0.028325i
0.26796+0.024733i 0.23903 0.070757-0.026298i 0.23642-0.012769i
0.26607-0.044427i 0.070757+0.026298i 0.35908 0.28654-0.030575i
0.35846+0.028325i 0.23642+0.012769i 0.28654+0.030575i 0.26514

[93]
0.27718 0.27098+0.079112i 0.31626-0.022987i 0.158-0.024815i
0.27098-0.079112i 0.24885 0.1303+0.078239i 0.22715-0.083657i
0.31626+0.022987i 0.1303-0.078239i 0.37383 0.24983+0.14193i
0.158+0.024815i 0.22715+0.083657i 0.24983-0.14193i 0.34669

[92]
0.26208 0.38539-0.13036i 0.29155-0.079395i 0.13194-0.15137i
0.38539+0.13036i 0.22986 0.20913-0.059185i 0.15922-0.028957i
0.29155+0.079395i 0.20913+0.059185i 0.029498 0.35595-0.021589i
0.13194+0.15137i 0.15922+0.028957i 0.35595+0.021589i 0.16383

[84]
0.064455 0.11216+0.11941i 0.19607+0.028317i 0.24755+0.2607i
0.11216-0.11941i 0.53522 0.26035-0.030801i 0.075965+0.031631i
0.19607-0.028317i 0.26035+0.030801i 0.18636 0.20585+0.096653i
0.24755-0.2607i 0.075965-0.031631i 0.20585-0.096653i 0.54148

[97]
0.41292 0.31528-0.012032i 0.16742-0.012704i 0.32989-0.031103i
0.31528+0.012032i 0.27704 0.16755-0.040336i 0.13324+0.061999i
0.16742+0.012704i 0.16755+0.040336i 0.15926 0.25958+0.014455i
0.32989+0.031103i 0.13324-0.061999i 0.25958-0.014455i 0.26137

[83]
0.29928 0.2792-0.013853i 0.11901+0.13109i 0.36478-0.041812i
0.2792+0.013853i 0.36872 0.12069+0.052657i 0.23025+0.11658i
0.11901-0.13109i 0.12069-0.052657i 0.12848 0.15304+0.11032i
0.36478+0.041812i 0.23025-0.11658i 0.15304-0.11032i 0.3507

[99]
0.32323 0.10608+0.0096825i 0.38484-0.15909i 0.26299+0.075034i
0.10608-0.0096825i 0.25592 0.16157+0.095723i 0.46102+0.016746i
0.38484+0.15909i 0.16157-0.095723i 0.01195 0.1751-0.096625i
0.26299-0.075034i 0.46102-0.016746i 0.1751+0.096625i 0.21652

[100]
0.54431 0.22982+0.099413i 0.1064-0.10603i 0.27472+0.1164i
0.22982-0.099413i 0.21864 0.21756-0.029102i 0.19558+0.027499i
0.1064+0.10603i 0.21756+0.029102i 0.0064059 0.29794-0.22893i
0.27472-0.1164i 0.19558-0.027499i 0.29794+0.22893i 0.3322

[102]
0.24245 0.23223-0.11862i 0.22831+0.016998i 0.23526-0.025099i
0.23223+0.11862i 0.098863 0.18124-0.017598i 0.2329+0.012647i
0.22831-0.016998i 0.18124+0.017598i 0.42653 0.29505-0.016276i
0.23526+0.025099i 0.2329-0.012647i 0.29505+0.016276i 0.30714

[101]
0.080695 0.15764+0.12416i 0.36496-0.081438i 0.16324+0.15898i
0.15764-0.12416i 0.1715 0.31898+0.17248i 0.14273-0.1156i
0.36496+0.081438i 0.31898-0.17248i 0.33323 0.3102+0.13781i
0.16324-0.15898i 0.14273+0.1156i 0.3102-0.13781i 0.23681

[105]
0.13918 0.32079+0.11328i 0.1946+0.093618i 0.25945-0.083769i
0.32079-0.11328i 0.33778 0.1461-0.16336i 0.21898-0.10312i
0.1946-0.093618i 0.1461+0.16336i 0.2239 0.32405+0.0098264i
0.25945+0.083769i 0.21898+0.10312i 0.32405-0.0098264i 0.14621

[113]
0.27718 0.27098+0.079112i 0.31626-0.022987i 0.158-0.024815i
0.27098-0.079112i 0.24885 0.1303+0.078239i 0.22715-0.083657i
0.31626+0.022987i 0.1303-0.078239i 0.37383 0.24983+0.14193i
0.158+0.024815i 0.22715+0.083657i 0.24983-0.14193i 0.34669

[114]
0.3394 0.15787-0.19401i 0.069585+0.18787i 0.35608-0.062289i
0.15787+0.19401i 0.34048 0.19076+0.23139i 0.1708-0.16891i
0.069585-0.18787i 0.19076-0.23139i 0.0099537 0.24231+0.00068884i
0.35608+0.062289i 0.1708+0.16891i 0.24231-0.00068884i 0.43824

[104]
0.064455 0.11216+0.11941i 0.19607+0.028317i 0.24755+0.2607i
0.11216-0.11941i 0.53522 0.26035-0.030801i 0.075965+0.031631i
0.19607-0.028317i 0.26035+0.030801i 0.18636 0.20585+0.096653i
0.24755-0.2607i 0.075965-0.031631i 0.20585-0.096653i 0.54148

[109]
0.35638 0.10857+0.037754i 0.20783-0.031967i 0.17924+0.17294i
0.10857-0.037754i 0.16862 0.29898-0.033416i 0.21041+0.010045i
0.20783+0.031967i 0.29898+0.033416i 0.31326 0.32507-0.11006i
0.17924-0.17294i 0.21041-0.010045i 0.32507+0.11006i 0.35252

[118]
0.027547 0.22492-0.011701i 0.30903+0.087218i 0.1216+0.016909i
0.22492+0.011701i 0.087131 0.47609-0.033029i 0.26476-0.13675i
0.30903-0.087218i 0.47609+0.033029i 0.099369 0.19126-0.10076i
0.1216-0.016909i 0.26476+0.13675i 0.19126+0.10076i 0.39542

[110]
0.098462 0.26796-0.024733i 0.26607+0.044427i 0.35846-0.028325i
0.26796+0.024733i 0.23903 0.070757-0.026298i 0.23642-0.012769i
0.26607-0.044427i 0.070757+0.026298i 0.35908 0.28654-0.030575i
0.35846+0.028325i 0.23642+0.012769i 0.28654+0.030575i 0.26514

[115]
0.32413 0.053961-0.099061i 0.34064-0.0071216i 0.22297-0.056619i
0.053961+0.099061i 0.39877 0.26478+0.021975i 0.21127-0.030008i
0.34064+0.0071216i 0.26478-0.021975i 0.19202 0.32285-0.05813i
0.22297+0.056619i 0.21127+0.030008i 0.32285+0.05813i 0.15601

[103]
0.29928 0.2792-0.013853i 0.11901+0.13109i 0.36478-0.041812i
0.2792+0.013853i 0.36872 0.12069+0.052657i 0.23025+0.11658i
0.11901-0.13109i 0.12069-0.052657i 0.12848 0.15304+0.11032i
0.36478+0.041812i 0.23025-0.11658i 0.15304-0.11032i 0.3507

[106]
0.28997 0.27292-0.0098564i 0.08078-0.16885i 0.11965+0.0019345i
0.27292+0.0098564i 0.11828 0.35499+0.15338i 0.35458-0.086577i
0.08078+0.16885i 0.35499-0.15338i 0.067637 0.29529+0.033395i
0.11965-0.0019345i 0.35458+0.086577i 0.29529-0.033395i 0.39609

[112]
0.26208 0.38539-0.13036i 0.29155-0.079395i 0.13194-0.15137i
0.38539+0.13036i 0.22986 0.20913-0.059185i 0.15922-0.028957i
0.29155+0.079395i 0.20913+0.059185i 0.029498 0.35595-0.021589i
0.13194+0.15137i 0.15922+0.028957i 0.35595+0.021589i 0.16383

[107]
0.051041 0.41938+0.061625i 0.29911-0.13154i 0.33938-0.02219i
0.41938-0.061625i 0.074255 0.128-0.25785i 0.10714+0.25042i
0.29911+0.13154i 0.128+0.25785i 0.21178 0.32-0.041909i
0.33938+0.02219i 0.10714-0.25042i 0.32+0.041909i 0.24282

[108]
0.38081 0.36836+0.063153i 0.15612-0.10055i 0.21616+0.0042352i
0.36836-0.063153i 0.29536 0.28882+0.1894i 0.22287+0.069389i
0.15612+0.10055i 0.28882-0.1894i 0.11105 0.21806+0.064155i
0.21616-0.0042352i 0.22287-0.069389i 0.21806-0.064155i 0.057251

[111]
0.42386 0.27782-0.061694i 0.082306-0.20768i 0.29267-0.1703i
0.27782+0.061694i 0.20983 0.08705+0.0070835i 0.32988+0.11489i
0.082306+0.20768i 0.08705-0.0070835i 0.16425 0.18488-0.049449i
0.29267+0.1703i 0.32988-0.11489i 0.18488+0.049449i 0.19081

[116]
0.17985 0.27704+0.27987i 0.17439-0.026251i 0.04212-0.25418i
0.27704-0.27987i 0.49381 0.22281-0.076126i 0.34052-0.1223i
0.17439+0.026251i 0.22281+0.076126i 0.0023727 0.12693+0.18118i
0.04212+0.25418i 0.34052+0.1223i 0.12693-0.18118i 0.1874

[117]
0.41292 0.31528-0.012032i 0.16742-0.012704i 0.32989-0.031103i
0.31528+0.012032i 0.27704 0.16755-0.040336i 0.13324+0.061999i
0.16742+0.012704i 0.16755+0.040336i 0.15926 0.25958+0.014455i
0.32989+0.031103i 0.13324-0.061999i 0.25958-0.014455i 0.26137

[119]
0.32323 0.10608+0.0096825i 0.38484-0.15909i 0.26299+0.075034i
0.10608-0.0096825i 0.25592 0.16157+0.095723i 0.46102+0.016746i
0.38484+0.15909i 0.16157-0.095723i 0.01195 0.1751-0.096625i
0.26299-0.075034i 0.46102-0.016746i 0.1751+0.096625i 0.21652

[120]
0.54431 0.22982+0.099413i 0.1064-0.10603i 0.27472+0.1164i
0.22982-0.099413i 0.21864 0.21756-0.029102i 0.19558+0.027499i
0.1064+0.10603i 0.21756+0.029102i 0.0064059 0.29794-0.22893i
0.27472-0.1164i 0.19558-0.027499i 0.29794+0.22893i 0.3322

[130]
0.098462 0.26796-0.024733i 0.26607+0.044427i 0.35846-0.028325i
0.26796+0.024733i 0.23903 0.070757-0.026298i 0.23642-0.012769i
0.26607-0.044427i 0.070757+0.026298i 0.35908 0.28654-0.030575i
0.35846+0.028325i 0.23642+0.012769i 0.28654+0.030575i 0.26514

[126]
0.28997 0.27292-0.0098564i 0.08078-0.16885i 0.11965+0.0019345i
0.27292+0.0098564i 0.11828 0.35499+0.15338i 0.35458-0.086577i
0.08078+0.16885i 0.35499-0.15338i 0.067637 0.29529+0.033395i
0.11965-0.0019345i 0.35458+0.086577i 0.29529-0.033395i 0.39609

[124]
0.064455 0.11216+0.11941i 0.19607+0.028317i 0.24755+0.2607i
0.11216-0.11941i 0.53522 0.26035-0.030801i 0.075965+0.031631i
0.19607-0.028317i 0.26035+0.030801i 0.18636 0.20585+0.096653i
0.24755-0.2607i 0.075965-0.031631i 0.20585-0.096653i 0.54148

[131]
0.42386 0.27782-0.061694i 0.082306-0.20768i 0.29267-0.1703i
0.27782+0.061694i 0.20983 0.08705+0.0070835i 0.32988+0.11489i
0.082306+0.20768i 0.08705-0.0070835i 0.16425 0.18488-0.049449i
0.29267+0.1703i 0.32988-0.11489i 0.18488+0.049449i 0.19081

[128]
0.38081 0.36836+0.063153i 0.15612-0.10055i 0.21616+0.0042352i
0.36836-0.063153i 0.29536 0.28882+0.1894i 0.22287+0.069389i
0.15612+0.10055i 0.28882-0.1894i 0.11105 0.21806+0.064155i
0.21616-0.0042352i 0.22287-0.069389i 0.21806-0.064155i 0.057251

[133]
0.27718 0.27098+0.079112i 0.31626-0.022987i 0.158-0.024815i
0.27098-0.079112i 0.24885 0.1303+0.078239i 0.22715-0.083657i
0.31626+0.022987i 0.1303-0.078239i 0.37383 0.24983+0.14193i
0.158+0.024815i 0.22715+0.083657i 0.24983-0.14193i 0.34669

[125]
0.13918 0.32079+0.11328i 0.1946+0.093618i 0.25945-0.083769i
0.32079-0.11328i 0.33778 0.1461-0.16336i 0.21898-0.10312i
0.1946-0.093618i 0.1461+0.16336i 0.2239 0.32405+0.0098264i
0.25945+0.083769i 0.21898+0.10312i 0.32405-0.0098264i 0.14621

[129]
0.35638 0.10857+0.037754i 0.20783-0.031967i 0.17924+0.17294i
0.10857-0.037754i 0.16862 0.29898-0.033416i 0.21041+0.010045i
0.20783+0.031967i 0.29898+0.033416i 0.31326 0.32507-0.11006i
0.17924-0.17294i 0.21041-0.010045i 0.32507+0.11006i 0.35252

[135]
0.32413 0.053961-0.099061i 0.34064-0.0071216i 0.22297-0.056619i
0.053961+0.099061i 0.39877 0.26478+0.021975i 0.21127-0.030008i
0.34064+0.0071216i 0.26478-0.021975i 0.19202 0.32285-0.05813i
0.22297+0.056619i 0.21127+0.030008i 0.32285+0.05813i 0.15601

[123]
0.29928 0.2792-0.013853i 0.11901+0.13109i 0.36478-0.041812i
0.2792+0.013853i 0.36872 0.12069+0.052657i 0.23025+0.11658i
0.11901-0.13109i 0.12069-0.052657i 0.12848 0.15304+0.11032i
0.36478+0.041812i 0.23025-0.11658i 0.15304-0.11032i 0.3507

[132]
0.26208 0.38539-0.13036i 0.29155-0.079395i 0.13194-0.15137i
0.38539+0.13036i 0.22986 0.20913-0.059185i 0.15922-0.028957i
0.29155+0.079395i 0.20913+0.059185i 0.029498 0.35595-0.021589i
0.13194+0.15137i 0.15922+0.028957i 0.35595+0.021589i 0.16383

[137]
0.41292 0.31528-0.012032i 0.16742-0.012704i 0.32989-0.031103i
0.31528+0.012032i 0.27704 0.16755-0.040336i 0.13324+0.061999i
0.16742+0.012704i 0.16755+0.040336i 0.15926 0.25958+0.014455i
0.32989+0.031103i 0.13324-0.061999i 0.25958-0.014455i 0.26137

[136]
0.17985 0.27704+0.27987i 0.17439-0.026251i 0.04212-0.25418i
0.27704-0.27987i 0.49381 0.22281-0.076126i 0.34052-0.1223i
0.17439+0.026251i 0.22281+0.076126i 0.0023727 0.12693+0.18118i
0.04212+0.25418i 0.34052+0.1223i 0.12693-0.18118i 0.1874

[122]
0.24245 0.23223-0.11862i 0.22831+0.016998i 0.23526-0.025099i
0.23223+0.11862i 0.098863 0.18124-0.017598i 0.2329+0.012647i
0.22831-0.016998i 0.18124+0.017598i 0.42653 0.29505-0.016276i
0.23526+0.025099i 0.2329-0.012647i 0.29505+0.016276i 0.30714

[134]
0.3394 0.15787-0.19401i 0.069585+0.18787i 0.35608-0.062289i
0.15787+0.19401i 0.34048 0.19076+0.23139i 0.1708-0.16891i
0.069585-0.18787i 0.19076-0.23139i 0.0099537 0.24231+0.00068884i
0.35608+0.062289i 0.1708+0.16891i 0.24231-0.00068884i 0.43824

[138]
0.027547 0.22492-0.011701i 0.30903+0.087218i 0.1216+0.016909i
0.22492+0.011701i 0.087131 0.47609-0.033029i 0.26476-0.13675i
0.30903-0.087218i 0.47609+0.033029i 0.099369 0.19126-0.10076i
0.1216-0.016909i 0.26476+0.13675i 0.19126+0.10076i 0.39542

[121]
0.080695 0.15764+0.12416i 0.36496-0.081438i 0.16324+0.15898i
0.15764-0.12416i 0.1715 0.31898+0.17248i 0.14273-0.1156i
0.36496+0.081438i 0.31898-0.17248i 0.33323 0.3102+0.13781i
0.16324-0.15898i 0.14273+0.1156i 0.3102-0.13781i 0.23681

[127]
0.051041 0.41938+0.061625i 0.29911-0.13154i 0.33938-0.02219i
0.41938-0.061625i 0.074255 0.128-0.25785i 0.10714+0.25042i
0.29911+0.13154i 0.128+0.25785i 0.21178 0.32-0.041909i
0.33938+0.02219i 0.10714-0.25042i 0.32+0.041909i 0.24282

[140]
0.54431 0.22982+0.099413i 0.1064-0.10603i 0.27472+0.1164i
0.22982-0.099413i 0.21864 0.21756-0.029102i 0.19558+0.027499i
0.1064+0.10603i 0.21756+0.029102i 0.0064059 0.29794-0.22893i
0.27472-0.1164i 0.19558-0.027499i 0.29794+0.22893i 0.3322

[139]
0.32323 0.10608+0.0096825i 0.38484-0.15909i 0.26299+0.075034i
0.10608-0.0096825i 0.25592 0.16157+0.095723i 0.46102+0.016746i
0.38484+0.15909i 0.16157-0.095723i 0.01195 0.1751-0.096625i
0.26299-0.075034i 0.46102-0.016746i 0.1751+0.096625i 0.21652

[145]
0.13918 0.32079+0.11328i 0.1946+0.093618i 0.25945-0.083769i
0.32079-0.11328i 0.33778 0.1461-0.16336i 0.21898-0.10312i
0.1946-0.093618i 0.1461+0.16336i 0.2239 0.32405+0.0098264i
0.25945+0.083769i 0.21898+0.10312i 0.32405-0.0098264i 0.14621

[156]
0.17985 0.27704+0.27987i 0.17439-0.026251i 0.04212-0.25418i
0.27704-0.27987i 0.49381 0.22281-0.076126i 0.34052-0.1223i
0.17439+0.026251i 0.22281+0.076126i 0.0023727 0.12693+0.18118i
0.04212+0.25418i 0.34052+0.1223i 0.12693-0.18118i 0.1874

[142]
0.24245 0.23223-0.11862i 0.22831+0.016998i 0.23526-0.025099i
0.23223+0.11862i 0.098863 0.18124-0.017598i 0.2329+0.012647i
0.22831-0.016998i 0.18124+0.017598i 0.42653 0.29505-0.016276i
0.23526+0.025099i 0.2329-0.012647i 0.29505+0.016276i 0.30714

[151]
0.42386 0.27782-0.061694i 0.082306-0.20768i 0.29267-0.1703i
0.27782+0.061694i 0.20983 0.08705+0.0070835i 0.32988+0.11489i
0.082306+0.20768i 0.08705-0.0070835i 0.16425 0.18488-0.049449i
0.29267+0.1703i 0.32988-0.11489i 0.18488+0.049449i 0.19081

[149]
0.35638 0.10857+0.037754i 0.20783-0.031967i 0.17924+0.17294i
0.10857-0.037754i 0.16862 0.29898-0.033416i 0.21041+0.010045i
0.20783+0.031967i 0.29898+0.033416i 0.31326 0.32507-0.11006i
0.17924-0.17294i 0.21041-0.010045i 0.32507+0.11006i 0.35252

[148]
0.38081 0.36836+0.063153i 0.15612-0.10055i 0.21616+0.0042352i
0.36836-0.063153i 0.29536 0.28882+0.1894i 0.22287+0.069389i
0.15612+0.10055i 0.28882-0.1894i 0.11105 0.21806+0.064155i
0.21616-0.0042352i 0.22287-0.069389i 0.21806-0.064155i 0.057251

[158]
0.027547 0.22492-0.011701i 0.30903+0.087218i 0.1216+0.016909i
0.22492+0.011701i 0.087131 0.47609-0.033029i 0.26476-0.13675i
0.30903-0.087218i 0.47609+0.033029i 0.099369 0.19126-0.10076i
0.1216-0.016909i 0.26476+0.13675i 0.19126+0.10076i 0.39542

[143]
0.29928 0.2792-0.013853i 0.11901+0.13109i 0.36478-0.041812i
0.2792+0.013853i 0.36872 0.12069+0.052657i 0.23025+0.11658i
0.11901-0.13109i 0.12069-0.052657i 0.12848 0.15304+0.11032i
0.36478+0.041812i 0.23025-0.11658i 0.15304-0.11032i 0.3507

[153]
0.27718 0.27098+0.079112i 0.31626-0.022987i 0.158-0.024815i
0.27098-0.079112i 0.24885 0.1303+0.078239i 0.22715-0.083657i
0.31626+0.022987i 0.1303-0.078239i 0.37383 0.24983+0.14193i
0.158+0.024815i 0.22715+0.083657i 0.24983-0.14193i 0.34669

[144]
0.064455 0.11216+0.11941i 0.19607+0.028317i 0.24755+0.2607i
0.11216-0.11941i 0.53522 0.26035-0.030801i 0.075965+0.031631i
0.19607-0.028317i 0.26035+0.030801i 0.18636 0.20585+0.096653i
0.24755-0.2607i 0.075965-0.031631i 0.20585-0.096653i 0.54148

[141]
0.080695 0.15764+0.12416i 0.36496-0.081438i 0.16324+0.15898i
0.15764-0.12416i 0.1715 0.31898+0.17248i 0.14273-0.1156i
0.36496+0.081438i 0.31898-0.17248i 0.33323 0.3102+0.13781i
0.16324-0.15898i 0.14273+0.1156i 0.3102-0.13781i 0.23681

[157]
0.41292 0.31528-0.012032i 0.16742-0.012704i 0.32989-0.031103i
0.31528+0.012032i 0.27704 0.16755-0.040336i 0.13324+0.061999i
0.16742+0.012704i 0.16755+0.040336i 0.15926 0.25958+0.014455i
0.32989+0.031103i 0.13324-0.061999i 0.25958-0.014455i 0.26137

[152]
0.26208 0.38539-0.13036i 0.29155-0.079395i 0.13194-0.15137i
0.38539+0.13036i 0.22986 0.20913-0.059185i 0.15922-0.028957i
0.29155+0.079395i 0.20913+0.059185i 0.029498 0.35595-0.021589i
0.13194+0.15137i 0.15922+0.028957i 0.35595+0.021589i 0.16383

[147]
0.051041 0.41938+0.061625i 0.29911-0.13154i 0.33938-0.02219i
0.41938-0.061625i 0.074255 0.128-0.25785i 0.10714+0.25042i
0.29911+0.13154i 0.128+0.25785i 0.21178 0.32-0.041909i
0.33938+0.02219i 0.10714-0.25042i 0.32+0.041909i 0.24282

[155]
0.32413 0.053961-0.099061i 0.34064-0.0071216i 0.22297-0.056619i
0.053961+0.099061i 0.39877 0.26478+0.021975i 0.21127-0.030008i
0.34064+0.0071216i 0.26478-0.021975i 0.19202 0.32285-0.05813i
0.22297+0.056619i 0.21127+0.030008i 0.32285+0.05813i 0.15601

[150]
0.098462 0.26796-0.024733i 0.26607+0.044427i 0.35846-0.028325i
0.26796+0.024733i 0.23903 0.070757-0.026298i 0.23642-0.012769i
0.26607-0.044427i 0.070757+0.026298i 0.35908 0.28654-0.030575i
0.35846+0.028325i 0.23642+0.012769i 0.28654+0.030575i 0.26514

[146]
0.28997 0.27292-0.0098564i 0.08078-0.16885i 0.11965+0.0019345i
0.27292+0.0098564i 0.11828 0.35499+0.15338i 0.35458-0.086577i
0.08078+0.16885i 0.35499-0.15338i 0.067637 0.29529+0.033395i
0.11965-0.0019345i 0.35458+0.086577i 0.29529-0.033395i 0.39609

[154]
0.3394 0.15787-0.19401i 0.069585+0.18787i 0.35608-0.062289i
0.15787+0.19401i 0.34048 0.19076+0.23139i 0.1708-0.16891i
0.069585-0.18787i 0.19076-0.23139i 0.0099537 0.24231+0.00068884i
0.35608+0.062289i 0.1708+0.16891i 0.24231-0.00068884i 0.43824

[160]
0.54431 0.22982+0.099413i 0.1064-0.10603i 0.27472+0.1164i
0.22982-0.099413i 0.21864 0.21756-0.029102i 0.19558+0.027499i
0.1064+0.10603i 0.21756+0.029102i 0.0064059 0.29794-0.22893i
0.27472-0.1164i 0.19558-0.027499i 0.29794+0.22893i 0.3322

[159]
0.32323 0.10608+0.0096825i 0.38484-0.15909i 0.26299+0.075034i
0.10608-0.0096825i 0.25592 0.16157+0.095723i 0.46102+0.016746i
0.38484+0.15909i 0.16157-0.095723i 0.01195 0.1751-0.096625i
