#Hamiltonians used for the computation. Identifiers and Time between Slots given
#
[1] 0.001
-0.052339-3.0379e-16i 0.23349+0.048012i -0.18196+0.15923i 0.053133+0.32908i
0.23349-0.048012i 0.69558+4.3398e-17i 0.16788+0.15771i -0.29135+0.19111i
-0.18196-0.15923i 0.16788-0.15771i -0.23975-4.8823e-17i -0.42639-0.42346i
0.053133-0.32908i -0.29135-0.19111i -0.42639+0.42346i -0.29776-1.7359e-16i

[2] 0.001
0.34439-7.2899e-17i -0.3134+0.0043073i 0.40471-0.15166i 0.16142-0.11717i
-0.3134-0.0043073i 0.076564+1.6402e-16i -0.11359-0.088826i -0.091197+0.31242i
0.40471+0.15166i -0.11359+0.088826i 0.53061-4.5562e-17i -0.045607+0.18151i
0.16142+0.11717i -0.091197-0.31242i -0.045607-0.18151i 0.41058-5.4674e-17i

[3] 0.001
0.25286+4.1413e-17i 0.094694+0.0046098i 0.021025-0.18007i 0.62319+0.059294i
0.094694-0.0046098i 0.33338+2.4848e-16i -0.27551-0.36635i 0.11199+0.19076i
0.021025+0.18007i -0.27551+0.36635i -0.33018-1.2424e-16i 0.56863+0.038959i
0.62319-0.059294i 0.11199-0.19076i 0.56863-0.038959i 0.15826+3.313e-16i

[4] 0.001
-0.13972-1.1542e-16i -0.0067881-0.2648i 0.054919-0.18103i 0.034797-0.1455i
-0.0067881+0.2648i -0.020245+1.5537e-16i -0.019367-0.089322i -0.098192+0.29306i
0.054919+0.18103i -0.019367+0.089322i -0.31841+1.7757e-16i -0.041715+0.45956i
0.034797+0.1455i -0.098192-0.29306i -0.041715-0.45956i -0.45291-2.7079e-16i

[5] 0.001
-0.32947-1.4817e-16i -0.037224-0.067155i 0.062857-0.007704i -0.25711+0.34388i
-0.037224+0.067155i -0.051057-8.3347e-17i -0.29483+0.048925i 0.097731+0.0026754i
0.062857+0.007704i -0.29483-0.048925i -0.35151+4.6304e-17i -0.14639-0.32055i
-0.25711-0.34388i 0.097731-0.0026754i -0.14639+0.32055i -0.4973-1.2965e-16i

[6] 0.001
-0.22233+4.8917e-16i -0.23003-0.13404i -0.075421+0.1173i 0.17932+0.025979i
-0.23003+0.13404i -0.22446+1.1859e-16i -0.31513-0.1062i 0.11919-0.087718i
-0.075421-0.1173i -0.31513+0.1062i -0.44266+3.3599e-16i 0.33622+0.015049i
0.17932-0.025979i 0.11919+0.087718i 0.33622-0.015049i -0.42438+1.1859e-16i

[7] 0.001
-0.0048511-2.1694e-16i -0.077133-0.04673i 0.29389+0.15297i -0.20015-0.081492i
-0.077133+0.04673i -0.23556+3.4254e-17i -0.2388+0.12856i -0.26698+0.14004i
0.29389-0.15297i -0.2388-0.12856i -0.64255 -0.3603+0.21014i
-0.20015+0.081492i -0.26698-0.14004i -0.3603-0.21014i 0.32019-6.8508e-17i

[8] 0.001
-0.16208+1.4216e-16i 0.025906-0.24568i -0.0091827+0.10708i -0.13775+0.0093255i
0.025906+0.24568i -0.22603+1.7879e-16i -0.069689-0.021096i -0.10835-0.38372i
-0.0091827-0.10708i -0.069689+0.021096i -0.74217+7.5278e-17i -0.36701-0.1414i
-0.13775-0.0093255i -0.10835+0.38372i -0.36701+0.1414i -0.051206+1.185e-16i

[9] 0.001
-0.080781-3.2486e-16i 0.17014-0.029634i 0.069266+0.011324i -0.088285-0.55528i
0.17014+0.029634i 0.48374-2.5989e-17i 0.41324+0.1124i 0.30017-0.21728i
0.069266-0.011324i 0.41324-0.1124i 0.39892-5.1977e-17i -0.032597+0.31027i
-0.088285+0.55528i 0.30017+0.21728i -0.032597-0.31027i 0.20547

[10] 0.001
-0.10671-9.4459e-17i 0.20056+0.27345i 0.14649-0.0038738i 0.041073-0.30697i
0.20056-0.27345i -0.40176+4.1982e-17i 0.56549-0.23031i -0.17893-0.062504i
0.14649+0.0038738i 0.56549+0.23031i -0.076294+8.3963e-17i 0.26925-0.11329i
0.041073+0.30697i -0.17893+0.062504i 0.26925+0.11329i -0.22158-2.4664e-16i

[11] 0.001
-0.040637-1.7505e-16i 0.11392+0.082679i -0.10818-0.027863i -0.049143-0.3115i
0.11392-0.082679i 0.44768+2.6257e-16i -0.49703-0.43397i -0.0031611-0.2882i
-0.10818+0.027863i -0.49703+0.43397i -0.059523-1.094e-17i -0.15212+0.18356i
-0.049143+0.3115i -0.0031611+0.2882i -0.15212-0.18356i -0.53025-1.7505e-16i

[12] 0.001
0.017302-2.4124e-16i -0.089919-0.12488i 0.42965+0.0041442i -0.046204+0.0048269i
-0.089919+0.12488i -0.052579+2.6317e-16i 0.15276-0.018972i 0.023385+0.09418i
0.42965-0.0041442i 0.15276+0.018972i 0.58246+8.7723e-17i 0.41932-0.12819i
-0.046204-0.0048269i 0.023385-0.09418i 0.41932+0.12819i -0.825+4.3862e-17i

[13] 0.001
-0.17772+1.4407e-16i -0.00045445+0.30227i -0.19055+0.072551i 0.34972-0.22877i
-0.00045445-0.30227i -0.11786-3.0734e-16i -0.41151-0.25083i -0.01577-0.22151i
-0.19055-0.072551i -0.41151+0.25083i 0.046404+1.0445e-16i -0.36383-0.20985i
0.34972+0.22877i -0.01577+0.22151i -0.36383+0.20985i 0.57811+2.3051e-16i

[14] 0.001
0.052832-7.5296e-17i 0.17118+0.014126i -0.17606-0.26444i 0.024592-0.12119i
0.17118-0.014126i 0.66815-2.0079e-16i 0.2397-0.23659i 0.065714-0.13865i
-0.17606+0.26444i 0.2397+0.23659i 0.4575-2.0079e-16i -0.21285-0.15878i
0.024592+0.12119i 0.065714+0.13865i -0.21285+0.15878i -0.028124-1.0039e-16i

[15] 0.001
-0.30474-1.0654e-16i -0.17333+0.10351i 0.044625-0.029548i -0.14473-0.25274i
-0.17333-0.10351i -0.87561+2.3675e-16i -0.066188+0.012976i -0.14214-0.11513i
0.044625+0.029548i -0.066188-0.012976i -0.31404-1.4797e-16i -0.11085+0.066164i
-0.14473+0.25274i -0.14214+0.11513i -0.11085-0.066164i 0.094394-3.137e-16i

[16] 0.001
-0.0019666-3.0499e-16i -0.070544-0.2243i 0.17947-0.068915i -0.038713-0.014648i
-0.070544+0.2243i -0.14356-6.7462e-17i 0.15268-0.11811i -0.10053-0.36904i
0.17947+0.068915i 0.15268+0.11811i 0.82873+1.3492e-16i 0.054455-0.23002i
-0.038713+0.014648i -0.10053+0.36904i 0.054455+0.23002i 0.011966+7.8706e-17i

[17] 0.001
0.094277+8.6722e-17i 0.14047+0.32353i -0.28093+0.020433i -0.071476-0.27311i
0.14047-0.32353i -0.18929-2.9871e-16i -0.31422+0.1006i -0.37903-0.51886i
-0.28093-0.020433i -0.31422-0.1006i -0.32511+1.1563e-16i -0.14186-0.19443i
-0.071476+0.27311i -0.37903+0.51886i -0.14186+0.19443i 0.16978+3.0834e-16i

[18] 0.001
-0.20925+8.8843e-18i -0.25082-0.046839i 0.33019-0.18671i 0.031485-0.25367i
-0.25082+0.046839i -0.60248+3.7758e-17i 0.016659+0.076061i 0.25493-0.22098i
0.33019+0.18671i 0.016659-0.076061i 0.37625+1.3326e-16i -0.23928-0.13735i
0.031485+0.25367i 0.25493+0.22098i -0.23928+0.13735i -0.28356+2.1322e-16i

[19] 0.001
-0.39855+2.0372e-16i 0.28489-0.017617i -0.096053+0.084364i 0.34709+0.18642i
0.28489+0.017617i -0.22506-4.6299e-17i 0.38228-0.14383i 0.037166-0.054722i
-0.096053-0.084364i 0.38228+0.14383i -0.22552+2.3613e-16i 0.42005+0.16157i
0.34709-0.18642i 0.037166+0.054722i 0.42005-0.16157i 0.25403-5.1855e-16i

[20] 0.001
-0.20667+3.7513e-16i -0.28144-0.19146i -0.22694-0.34518i 0.098221-0.004152i
-0.28144+0.19146i -0.061276 -0.037598-0.058014i -0.2362-0.1635i
-0.22694+0.34518i -0.037598+0.058014i 0.10695+9.8045e-17i -0.0099454-0.68873i
0.098221+0.004152i -0.2362+0.1635i -0.0099454+0.68873i -0.20347-2.0035e-16i

[21] 0.001
-0.050268+1.3133e-16i 0.22941+0.046622i -0.21795+0.28619i 0.39871-0.030403i
0.22941-0.046622i -0.28167+1.8762e-16i 0.079938+0.20494i 0.46077-0.23997i
-0.21795-0.28619i 0.079938-0.20494i -0.5884+3.6351e-17i -0.015356+0.02067i
0.39871+0.030403i 0.46077+0.23997i -0.015356-0.02067i -0.2917-1.0319e-16i

[22] 0.001
0.24206-1.1816e-16i -0.29938-0.27288i -0.30353-0.0038007i 0.21432-0.057029i
-0.29938+0.27288i -0.060882-1.9693e-16i 0.11305+0.0047254i -0.11616+0.42993i
-0.30353+0.0038007i 0.11305-0.0047254i 0.23215-4.9232e-17i -0.09522-0.23562i
0.21432+0.057029i -0.11616-0.42993i -0.09522+0.23562i 0.3977

[23] 0.001
-0.19748-1.6727e-16i 0.21346-0.28537i 0.08418-0.014803i 0.24409+0.02014i
0.21346+0.28537i -0.16712+1.5612e-16i 0.507+0.33624i -0.057032+0.011087i
0.08418+0.014803i 0.507-0.33624i 0.3295+1.3381e-16i 0.42103-0.36951i
0.24409-0.02014i -0.057032-0.011087i 0.42103+0.36951i -0.13707+1.8957e-16i

[24] 0.001
-0.0020632+1.7589e-16i 0.42685+0.068033i -0.18001-0.13572i -0.0014923+0.1129i
0.42685-0.068033i 0.69374+8.9341e-17i 0.20977+0.16976i -0.09395+0.28207i
-0.18001+0.13572i 0.20977-0.16976i 0.2477+8.9341e-17i 0.024913-0.39969i
-0.0014923-0.1129i -0.09395-0.28207i 0.024913+0.39969i -0.14116-1.5635e-16i

[25] 0.001
0.11607+1.9145e-17i -0.0043122+0.037218i 0.32672+0.023963i -0.24207+0.0033332i
-0.0043122-0.037218i 0.083992-1.053e-16i 0.21565-0.26178i 0.079693-0.072446i
0.32672-0.023963i 0.21565+0.26178i 0.70535+2.2973e-16i -0.14568-0.059571i
-0.24207-0.0033332i 0.079693+0.072446i -0.14568+0.059571i -0.10579+1.9145e-17i

[26] 0.001
-0.10972-1.0354e-16i -0.19462-0.38288i -0.0056445-0.37021i -0.051356+0.001982i
-0.19462+0.38288i 0.40008-2.23e-16i -0.31847-0.1109i -0.29343-0.5796i
-0.0056445+0.37021i -0.31847+0.1109i -0.028006-3.1857e-17i 0.20398-0.11082i
-0.051356-0.001982i -0.29343+0.5796i 0.20398+0.11082i -0.21678+3.8229e-16i

[27] 0.001
-0.19183+1.122e-16i 0.2583-0.0066566i -0.16052-0.06312i -0.13641-0.52498i
0.2583+0.0066566i 0.22752-5.61e-17i -0.22411-0.54278i 0.051366-0.41127i
-0.16052+0.06312i -0.22411+0.54278i -0.47935-1.683e-16i -0.020566-0.031697i
-0.13641+0.52498i 0.051366+0.41127i -0.020566+0.031697i 0.10849-8.4151e-17i

[28] 0.001
-0.071988-9.2855e-17i -0.010633-0.42566i -0.3835-0.0033677i -0.07865+0.10564i
-0.010633+0.42566i -0.21938-1.8571e-16i 0.0036496-0.29346i 0.21321-0.5653i
-0.3835+0.0033677i 0.0036496+0.29346i 0.64616 -0.32505-0.16892i
-0.07865-0.10564i 0.21321+0.5653i -0.32505+0.16892i -0.15378-3.7142e-16i

[29] 0.001
0.031293-1.6906e-16i 0.13889+0.15822i -0.53682-0.12733i -0.051689+0.044516i
0.13889-0.15822i -0.032055-2.7472e-16i -0.42951+0.075928i -0.70426-0.10109i
-0.53682+0.12733i -0.42951-0.075928i -0.0047765+3.1699e-16i -0.28415+0.17484i
-0.051689-0.044516i -0.70426+0.10109i -0.28415-0.17484i 0.2353+2.9585e-16i

[30] 0.001
-0.25352+1.6717e-17i -0.02655+0.068919i 0.017565-0.61124i -0.4281-0.11177i
-0.02655-0.068919i -0.35332-3.3434e-17i -0.2741+0.3542i 0.048156-0.44771i
0.017565+0.61124i -0.2741-0.3542i 0.18458+2.5075e-17i 0.19935+0.0791i
-0.4281+0.11177i 0.048156+0.44771i 0.19935-0.0791i 0.18116+2.3403e-16i

[31] 0.0010393
-0.15661+3.007e-16i -0.3169+0.12277i -0.13969-0.085167i -0.033642-0.26724i
-0.3169-0.12277i -0.61617+2.3626e-16i 0.031879+0.19732i 0.28631-0.15714i
-0.13969+0.085167i 0.031879-0.19732i -0.26341-9.6654e-17i 0.25135-0.10439i
-0.033642+0.26724i 0.28631+0.15714i 0.25135+0.10439i -0.00067004+2.0942e-16i

[32] 0.0010393
-0.25638-1.3896e-16i -0.2423-0.19667i 0.18628-0.17993i -0.15922+0.081068i
-0.2423+0.19667i 0.070874-2.3823e-16i 0.14149+0.33266i -0.12591+0.15877i
0.18628+0.17993i 0.14149-0.33266i -0.35019+5.9556e-17i 0.44982-0.022101i
-0.15922-0.081068i -0.12591-0.15877i 0.44982+0.022101i -0.38228-4.963e-18i

[33] 0.0010393
-0.37311-8.539e-16i -0.020072-0.14177i -0.080006-0.37149i -0.27648-0.29045i
-0.020072+0.14177i -0.11463-8.539e-16i -0.44155-0.22544i 0.12852-0.072123i
-0.080006+0.37149i -0.44155+0.22544i 0.50692-1.8298e-16i -0.21999-0.29713i
-0.27648+0.29045i 0.12852+0.072123i -0.21999+0.29713i 0.2876-6.4043e-16i

[34] 0.0010393
-0.039505-2.1532e-16i -0.12655-0.069668i -0.084926-0.03652i 0.10453+0.251i
-0.12655+0.069668i -0.48741-5.5962e-16i 0.10657+0.0416i -0.27234+0.14253i
-0.084926+0.03652i 0.10657-0.0416i -0.23547-2.4483e-16i 0.028991-0.18663i
0.10453-0.251i -0.27234-0.14253i 0.028991+0.18663i -0.67283-6.0625e-16i

[35] 0.0010393
-0.1557-4.0622e-16i -0.20469-0.23943i 0.16764+0.026141i -0.10953-0.14166i
-0.20469+0.23943i 0.098256 0.10335+0.2877i -0.12788-0.16526i
0.16764-0.026141i 0.10335-0.2877i -0.59937-2.2701e-16i -0.50379-0.10744i
-0.10953+0.14166i -0.12788+0.16526i -0.50379+0.10744i -0.27078-1.4337e-16i

[36] 0.0010393
-0.39744+9.6387e-17i 0.019224+0.33384i -0.34988-0.26407i -0.25611-0.014278i
0.019224-0.33384i -0.14514+1.6524e-16i -0.45111-0.0067866i -0.36986-0.51065i
-0.34988+0.26407i -0.45111+0.0067866i -0.16659+2.0654e-16i 0.41153+0.084366i
-0.25611+0.014278i -0.36986+0.51065i 0.41153-0.084366i -0.046078+1.9277e-16i

[37] 0.0010393
0.078677-8.4362e-17i -0.17397+0.14907i -0.46602-0.23149i -0.20515+0.060417i
-0.17397-0.14907i 0.26813-2.9527e-16i 0.07087+0.30146i -0.029656+0.020755i
-0.46602+0.23149i 0.07087-0.30146i 0.2736-1.406e-16i 0.014837-0.20943i
-0.20515-0.060417i -0.029656-0.020755i 0.014837+0.20943i 0.23929-1.5466e-16i

[38] 0.0010393
-0.19748+5.3785e-16i -0.42656-0.12597i 0.25103-0.34003i -0.050156-0.33653i
-0.42656+0.12597i -0.26516+2.3905e-17i -0.34608+0.15189i 0.066713-0.074963i
0.25103+0.34003i -0.34608-0.15189i 0.55986+9.5619e-17i 0.183+0.0074591i
-0.050156+0.33653i 0.066713+0.074963i 0.183-0.0074591i -0.21432+1.3148e-16i

[39] 0.0010393
-0.099149-1.2628e-16i 0.14478-0.2385i 0.062838+0.20298i -0.27296-0.15635i
0.14478+0.2385i 0.025494+1.722e-17i 0.62243+0.14527i 0.058913+0.068392i
0.062838-0.20298i 0.62243-0.14527i 0.42005+9.1839e-17i -0.13609+0.14755i
-0.27296+0.15635i 0.058913-0.068392i -0.13609-0.14755i 0.48764-6.8879e-17i

[40] 0.0010393
0.21017+1.8043e-17i 0.42941+0.1744i -0.10499-0.079382i 0.074099+0.17852i
0.42941-0.1744i 0.43562+1.263e-16i 0.20831+0.30396i 0.056363+0.28238i
-0.10499+0.079382i 0.20831-0.30396i 0.30505+1.263e-16i 0.056054-0.23621i
0.074099-0.17852i 0.056363-0.28238i 0.056054+0.23621i -0.2879+3.6086e-17i

[41] 0.0010393
0.009537-5.3437e-17i -0.096241-0.21725i 0.19384-0.057966i -0.064582-0.16269i
-0.096241+0.21725i 0.017331-1.5764e-16i 0.21735+0.098439i 0.038403-0.17097i
0.19384+0.057966i 0.21735-0.098439i 0.73257-2.565e-16i 0.062933-0.33817i
-0.064582+0.16269i 0.038403+0.17097i 0.062933+0.33817i -0.25447+4.2749e-17i

[42] 0.0010393
-0.29391-1.4343e-17i 0.03195+0.21322i 0.0085641-0.081186i 0.21271+0.2425i
0.03195-0.21322i -0.617-1.3769e-16i -0.11545-0.45291i 0.31632+0.020932i
0.0085641+0.081186i -0.11545+0.45291i 0.16209 0.14998+0.26302i
0.21271-0.2425i 0.31632-0.020932i 0.14998-0.26302i -0.41099+2.2087e-16i

[43] 0.0010393
-0.23753-2.7377e-16i 0.13812-0.2322i -0.056641-0.16958i 0.038142+0.3962i
0.13812+0.2322i 0.15992+2.1393e-17i 0.54766+0.16223i 0.095254-0.095165i
-0.056641+0.16958i 0.54766-0.16223i 0.31499-2.1393e-17i 0.26211+0.44412i
0.038142-0.3962i 0.095254+0.095165i 0.26211-0.44412i -0.070836+4.2786e-17i

[44] 0.0010393
0.067462-1.2654e-16i 0.25803+0.053839i 0.08185-0.13416i 0.061448+0.23814i
0.25803-0.053839i 0.6052 -0.1729-0.30215i -0.0081007+0.1156i
0.08185+0.13416i -0.1729+0.30215i 0.39503-1.4461e-16i 0.5146+0.30735i
0.061448-0.23814i -0.0081007-0.1156i 0.5146-0.30735i -0.34932-7.2307e-17i

[45] 0.0010393
-0.4767+1.5244e-16i -0.31695+0.088116i -0.27156-0.098711i -0.02231-0.27412i
-0.31695-0.088116i -0.60282 -0.11602+0.12645i 0.31952+0.030104i
-0.27156+0.098711i -0.11602-0.12645i 0.2849 -0.025728+0.15508i
-0.02231+0.27412i 0.31952-0.030104i -0.025728-0.15508i 0.15036-7.9153e-17i

[46] 0.0010393
-0.090977-3.1203e-17i 0.10658+0.036937i 0.038991-0.16565i 0.037974-0.15773i
0.10658-0.036937i 0.68901+7.1321e-17i 0.20756+0.040937i 0.40183-0.11559i
0.038991+0.16565i 0.20756-0.040937i 0.10967-8.9151e-17i -0.14367-0.1431i
0.037974+0.15773i 0.40183+0.11559i -0.14367+0.1431i 0.25495+5.9063e-17i

[47] 0.0010393
-0.50117 -0.32653+0.14109i -0.091877-0.15305i -0.067289-0.095251i
-0.32653-0.14109i -0.66096-4.3175e-17i 0.1165-0.047406i -0.10873+0.0065551i
-0.091877+0.15305i 0.1165+0.047406i -0.25624+6.4763e-17i 0.17633-0.079613i
-0.067289+0.095251i -0.10873-0.0065551i 0.17633+0.079613i -0.30505+4.1016e-16i

[48] 0.0010393
-0.0035397+3.0748e-17i -0.15179-0.14209i 0.17252-0.081354i -0.13381-0.115i
-0.15179+0.14209i -0.12865+1.8922e-17i -0.41197+0.31415i -0.0022262-0.13852i
0.17252+0.081354i -0.41197-0.31415i -0.59434-7.5688e-17i -0.18889-0.1653i
-0.13381+0.115i -0.0022262+0.13852i -0.18889+0.1653i -0.15854+2.8383e-16i

[49] 0.0010393
-0.17475+2.747e-16i -0.21826+0.15593i -0.069638+0.12172i 0.19927+0.32133i
-0.21826-0.15593i 0.2188-2.1678e-17i -0.47961-0.23392i -0.37989+0.27855i
-0.069638-0.12172i -0.47961+0.23392i 0.13088+2.2762e-16i 0.042017+0.067598i
0.19927-0.32133i -0.37989-0.27855i 0.042017-0.067598i 0.42121+1.5175e-16i

[50] 0.0010393
-0.11035-3.4729e-16i -0.11659-0.076788i -0.02231-0.28908i -0.18979+0.15248i
-0.11659+0.076788i -0.14849-4.5824e-17i 0.25368+0.079064i -0.066646+0.065284i
-0.02231+0.28908i 0.25368-0.079064i -0.33154-1.9294e-16i 0.12593-0.06376i
-0.18979-0.15248i -0.066646-0.065284i 0.12593+0.06376i -0.8434+1.9294e-16i

[51] 0.0010393
-0.49325-7.074e-17i -0.31236-0.026927i 0.14242-0.25095i 0.10718-0.16682i
-0.31236+0.026927i -0.44493-1.4148e-16i 0.025965-0.084044i 0.1764-0.084073i
0.14242+0.25095i 0.025965+0.084044i -0.24937-2.2106e-17i -0.077958-0.086436i
0.10718+0.16682i 0.1764+0.084073i -0.077958+0.086436i -0.18408-3.537e-17i

[52] 0.0010393
-0.027168-8.961e-17i -0.45457-0.043627i -0.21093-0.16819i -0.23323-0.26857i
-0.45457+0.043627i 0.33729-8.961e-17i -0.017076+0.3446i -0.071893+0.030944i
-0.21093+0.16819i -0.017076-0.3446i -0.78595-1.1029e-16i 0.1862-0.15619i
-0.23323+0.26857i -0.071893-0.030944i 0.1862+0.15619i 0.21955-2.7572e-17i

[53] 0.0010393
0.082227-1.0303e-16i -0.039921+0.023871i -0.26999-0.086385i -0.27018-0.26413i
-0.039921-0.023871i 0.48522-1.4987e-16i 0.44753-0.094961i -0.035389-0.2372i
-0.26999+0.086385i 0.44753+0.094961i 0.46344-1.5924e-16i -0.052061+0.033242i
-0.27018+0.26413i -0.035389+0.2372i -0.052061-0.033242i 0.13832+8.4301e-17i

[54] 0.0010393
-0.17989+1.3133e-16i 0.030849+0.41921i 0.022192+0.040139i 0.23643-0.23973i
0.030849-0.41921i 0.092439+4.0493e-16i 0.23099+0.48477i 0.14861-0.55586i
0.022192-0.040139i 0.23099-0.48477i 0.059497 -0.17422+0.17035i
0.23643+0.23973i 0.14861+0.55586i -0.17422-0.17035i -0.23801-1.4227e-16i

[55] 0.0010393
-0.065447-2.6307e-18i 0.55311+0.026845i 0.070582-0.31886i 0.18776+0.1009i
0.55311-0.026845i 0.40689+8.4182e-17i -0.18637+0.01956i 0.1115+0.30164i
0.070582+0.31886i -0.18637-0.01956i -0.2789-2.1046e-17i -0.23139-0.25037i
0.18776-0.1009i 0.1115-0.30164i -0.23139+0.25037i 0.071172+2.315e-16i

[56] 0.0010393
-0.14596-1.2928e-16i -0.12179-0.43088i 0.12894+0.13419i -0.047755+0.20176i
-0.12179+0.43088i 0.24561-1.5514e-16i -0.33335-0.33985i 0.14703+0.15803i
0.12894-0.13419i -0.33335+0.33985i 0.06642-3.7331e-16i -0.14281-0.18442i
-0.047755-0.20176i 0.14703-0.15803i -0.14281+0.18442i -0.76216-4.6542e-16i

[57] 0.0010393
-0.12234+2.5113e-16i -0.059236-0.24417i -0.027884-0.13822i 0.2733-0.018424i
-0.059236+0.24417i -0.25262+2.1974e-16i 0.23489-0.13604i 0.18332-0.05157i
-0.027884+0.13822i 0.23489+0.13604i -0.34623+6.2782e-17i 0.25775+0.01241i
0.2733+0.018424i 0.18332+0.05157i 0.25775-0.01241i 0.837+1.4649e-16i

[58] 0.0010393
-0.48088+1.3182e-16i 0.14682-0.018374i -0.2346+0.10324i 0.082432-0.28163i
0.14682+0.018374i -0.21221+2.2598e-16i 0.1328-0.060559i -0.18387+0.18238i
-0.2346-0.10324i 0.1328+0.060559i -0.80331-3.7663e-17i -0.20285+0.10997i
0.082432+0.28163i -0.18387-0.18238i -0.20285-0.10997i -0.22627+9.4156e-17i

[59] 0.0010393
-0.31332+1.1511e-16i 0.10276+0.19968i -0.32752+0.21905i -0.159+0.057641i
0.10276-0.19968i 0.37009-5.1162e-17i -0.47627-0.19382i -0.039624+0.3956i
-0.32752-0.21905i -0.47627+0.19382i -0.28998+5.1162e-17i -0.14516+0.27868i
-0.159-0.057641i -0.039624-0.3956i -0.14516-0.27868i -0.033539+3.1976e-16i

[60] 0.0010393
-0.22874-1.0111e-16i 0.013667+0.075737i 0.12708-0.31864i -0.044779-0.02332i
0.013667-0.075737i -0.31129+1.0111e-17i -0.1236-0.36146i -0.078742+0.47249i
0.12708+0.31864i -0.1236+0.36146i -0.4383-4.0445e-17i -0.086812+0.15496i
-0.044779+0.02332i -0.078742-0.47249i -0.086812-0.15496i -0.22925-1.0111e-16i

[61] 0.0010801
-0.16152+1.9594e-17i 0.024991-0.058925i -0.17775-0.12911i -0.12018-0.43184i
0.024991+0.058925i -0.61161+3.9187e-17i -0.043999-0.35505i -0.32186-0.036479i
-0.17775+0.12911i -0.043999+0.35505i 0.19624-1.6655e-16i -0.10689+0.2808i
-0.12018+0.43184i -0.32186+0.036479i -0.10689-0.2808i -0.047749-1.9594e-17i

[62] 0.0010801
-0.08277+1.1245e-16i 0.29596+0.12837i 0.038198-0.1796i -0.24836-0.089113i
0.29596-0.12837i 0.64754+1.8742e-17i 0.36124-0.097742i 0.12969+0.12231i
0.038198+0.1796i 0.36124+0.097742i -0.039768+3.9827e-17i -0.037032+0.24432i
-0.24836+0.089113i 0.12969-0.12231i -0.037032-0.24432i 0.48781+3.7485e-17i

[63] 0.0010801
-0.26451-2.1436e-16i 0.061779+0.097306i -0.11891+0.20041i -0.14767-0.33755i
0.061779-0.097306i -0.24029+2.5008e-16i -0.11709-0.075269i -0.059136+0.28402i
-0.11891-0.20041i -0.11709+0.075269i -0.88437 -0.093435+0.073589i
-0.14767+0.33755i -0.059136-0.28402i -0.093435-0.073589i -0.067108

[64] 0.0010801
-0.061777-2.6847e-16i -0.0020146-0.2711i 0.21699+0.24188i -0.28783-0.27183i
-0.0020146+0.2711i -0.1014-8.5061e-17i -0.096392+0.4283i -0.08525-0.42151i
0.21699-0.24188i -0.096392-0.4283i 0.015251+2.1265e-17i -0.28885-0.072994i
-0.28783+0.27183i -0.08525+0.42151i -0.28885+0.072994i -0.028237-8.5061e-17i

[65] 0.0010801
0.040318+6.1658e-17i -0.15294-0.15019i -0.27377+0.011025i 0.044897+0.11169i
-0.15294+0.15019i 0.28596-6.0472e-17i 0.095483-0.27534i 0.40211-0.073141i
-0.27377-0.011025i 0.095483+0.27534i 0.35844+1.328e-16i -0.18541+0.17862i
0.044897-0.11169i 0.40211+0.073141i -0.18541-0.17862i 0.49178+1.8972e-16i

[66] 0.0010801
-0.022256-2.859e-16i 0.10091+0.15825i 0.028676+0.050946i -0.24198-0.19215i
0.10091-0.15825i -0.51579-7.8868e-17i -0.24567+0.077884i -0.38825+0.19825i
0.028676-0.050946i -0.24567-0.077884i -0.35877-5.9151e-17i -0.17966+0.30243i
-0.24198+0.19215i -0.38825-0.19825i -0.17966-0.30243i -0.032775+7.8868e-17i

[67] 0.0010801
-0.30592+3.138e-16i 0.050024+0.03604i -0.087235-0.35057i 0.22011-0.21606i
0.050024-0.03604i -0.31823+9.0519e-17i 0.015868+0.18364i -0.22979+0.21515i
-0.087235+0.35057i 0.015868-0.18364i -0.044275+3.138e-16i -0.053206-0.29717i
0.22011+0.21606i -0.22979-0.21515i -0.053206+0.29717i -0.25603+1.1466e-16i

[68] 0.0010801
-0.011584-3.405e-16i -0.14168-0.11952i -0.11722-0.22381i -0.098037-0.45044i
-0.14168+0.11952i 0.16882-3.322e-16i 0.28701-0.34063i -0.085765+0.47415i
-0.11722+0.22381i 0.28701+0.34063i -0.33671-4.9829e-16i -0.20754-0.48609i
-0.098037+0.45044i -0.085765-0.47415i -0.20754+0.48609i 0.16893-2.6576e-16i

[69] 0.0010801
-0.35007+2.8747e-16i -0.037925-0.19309i -0.072315+0.39085i 0.23916+0.26429i
-0.037925+0.19309i -0.25433+1.7111e-16i -0.42577+0.13147i 0.048586+0.54473i
-0.072315-0.39085i -0.42577-0.13147i -0.49034+1.5913e-16i 0.058264-0.47911i
0.23916-0.26429i 0.048586-0.54473i 0.058264+0.47911i -0.16653+2.7378e-16i

[70] 0.0010801
0.072861+1.4234e-16i -0.065707-0.047501i 0.3316-0.091747i 0.29652+0.22944i
-0.065707+0.047501i 0.031942-2.313e-16i -0.0077351-0.27324i -0.066835-0.06583i
0.3316+0.091747i -0.0077351+0.27324i 0.44093+1.0167e-16i 0.35373+0.36322i
0.29652-0.22944i -0.066835+0.06583i 0.35373-0.36322i -0.29322-3.3043e-17i

[71] 0.0010801
-0.46011-1.2569e-16i -0.15304+0.21108i -0.034232-0.078598i -0.081936+0.30802i
-0.15304-0.21108i -0.30543-4.1898e-17i -0.029403-0.49864i -0.17578+0.35486i
-0.034232+0.078598i -0.029403+0.49864i -0.28332-1.7807e-16i -0.1402-0.29627i
-0.081936-0.30802i -0.17578-0.35486i -0.1402+0.29627i 0.062408-8.3796e-17i

[72] 0.0010801
-0.17337-2.1545e-16i -0.18196-0.046863i -0.058555-0.26267i 0.058636+0.11393i
-0.18196+0.046863i -0.26757-1.9586e-17i 0.10243+0.24061i -0.096693-0.060011i
-0.058555+0.26267i 0.10243-0.24061i 0.4104+3.9173e-17i 0.52305-0.017798i
0.058636-0.11393i -0.096693+0.060011i 0.52305+0.017798i 0.49048+2.1055e-16i

[73] 0.0010801
-0.23445+1.1732e-16i -0.18911+0.13609i -0.091503+0.0076278i -0.07701+0.21797i
-0.18911-0.13609i 0.078057+1.3687e-16i -0.22261+0.056843i -0.65023+0.0085945i
-0.091503-0.0076278i -0.22261-0.056843i -0.17265+5.8658e-17i 0.039208-0.19714i
-0.07701-0.21797i -0.65023-0.0085945i 0.039208+0.19714i 0.46994-3.9105e-17i

[74] 0.0010801
-0.38712-1.5961e-16i 0.28787-0.093385i -0.050634-0.25254i -0.14124-0.30183i
0.28787+0.093385i -0.4711-2.0783e-16i 0.096575+0.040457i -0.14514+0.38617i
-0.050634+0.25254i 0.096575-0.040457i -0.24682-1.4631e-16i -0.050102+0.15684i
-0.14124+0.30183i -0.14514-0.38617i -0.050102-0.15684i 0.30825+1.9287e-16i

[75] 0.0010801
-0.087536-7.5527e-17i -0.13309+0.083108i -0.14423+0.12389i -0.20307-0.29618i
-0.13309-0.083108i -0.73774+3.7764e-17i -0.36298+0.12921i -0.16163-0.034907i
-0.14423-0.12389i -0.36298-0.12921i -0.13965-5.6645e-17i 0.034003+0.21429i
-0.20307+0.29618i -0.16163+0.034907i 0.034003-0.21429i -0.13685+2.7379e-16i

[76] 0.0010801
-0.24014+5.5509e-17i 0.015048-0.14442i 0.13421-0.12622i 0.1983+0.4529i
0.015048+0.14442i -0.16335+9.0202e-17i -0.10076+0.076444i 0.12335+0.23487i
0.13421+0.12622i -0.10076-0.076444i -0.21122+2.0816e-17i 0.15941+0.71507i
0.1983-0.4529i 0.12335-0.23487i 0.15941-0.71507i 0.062636+1.6132e-16i

[77] 0.0010801
-0.33564+7.5939e-17i 0.068241-0.35812i -0.15398-0.015359i -0.028177+0.18079i
0.068241+0.35812i -0.14564-2.52e-16i -0.10851+0.16125i 0.044373-0.39572i
-0.15398+0.015359i -0.10851-0.16125i -0.54317-2.52e-16i 0.33491+0.092952i
-0.028177-0.18079i 0.044373+0.39572i 0.33491-0.092952i 0.19311+2.34e-16i

[78] 0.0010801
-0.12846-1.2027e-16i -0.12415-0.11688i 0.34169+0.13452i 0.056654-0.051614i
-0.12415+0.11688i 0.16587-3.1708e-16i 0.25158-0.38431i -0.10269+0.43924i
0.34169-0.13452i 0.25158+0.38431i 0.66614+2.8428e-16i 0.20944-0.0020794i
0.056654+0.051614i -0.10269-0.43924i 0.20944+0.0020794i -0.68535-4.3735e-17i

[79] 0.0010801
-0.020515-2.1379e-16i -0.013572-0.11975i -0.055323+0.0028866i 0.54878-0.054904i
-0.013572+0.11975i -0.26319-1.9435e-16i 0.007087-0.24801i -0.2476+0.027105i
-0.055323-0.0028866i 0.007087+0.24801i -0.0016477-1.3605e-16i 0.056067-0.032762i
0.54878+0.054904i -0.2476-0.027105i 0.056067+0.032762i 0.63866+4.2757e-16i

[80] 0.0010801
-0.15582-5.7677e-17i -0.20371-0.13715i 0.039566-0.14776i 0.16792+0.039003i
-0.20371+0.13715i 0.13539-1.4419e-17i -0.17101-0.096923i -0.051543+0.17711i
0.039566+0.14776i -0.17101+0.096923i 0.41956 0.39395+0.056372i
0.16792-0.039003i -0.051543-0.17711i 0.39395-0.056372i 0.61841-7.6903e-17i

[81] 0.0010801
-0.26037-6.163e-17i 0.091865-0.034469i 0.19875-0.14592i -0.29064+0.052018i
0.091865+0.034469i -0.14171-2.3111e-16i -0.17668+0.25853i 0.24038+0.0554i
0.19875+0.14592i -0.17668-0.25853i -0.30463-2.6449e-16i 0.30814-0.10269i
-0.29064-0.052018i 0.24038-0.0554i 0.30814+0.10269i -0.36573-9.2445e-17i

[82] 0.0010801
-0.27569+1.3995e-16i -0.021512-0.24334i 0.051938+0.14955i -0.032785+0.25991i
-0.021512+0.24334i 0.0090468+3.7986e-16i -0.16982+0.45685i 0.26557+0.3646i
0.051938-0.14955i -0.16982-0.45685i -0.080608 0.031961-0.069542i
-0.032785-0.25991i 0.26557-0.3646i 0.031961+0.069542i -0.55216+2.9989e-17i

[83] 0.0010801
-0.055365-2.8079e-16i 0.062143-0.013046i -0.30714-0.089874i 0.0036652-0.1945i
0.062143+0.013046i 0.45094+1.9037e-17i 0.29848-0.10282i 0.059437-0.46079i
-0.30714+0.089874i 0.29848+0.10282i 0.40627-1.047e-16i 0.15968-0.17212i
0.0036652+0.1945i 0.059437+0.46079i 0.15968+0.17212i -0.098638-5.3838e-17i

[84] 0.0010801
0.18812-6.8319e-17i -0.12563+0.049041i 0.047826-0.18857i 0.50662-0.032924i
-0.12563-0.049041i 0.019918-2.505e-16i -0.081368+0.152i -0.21116+0.030234i
0.047826+0.18857i -0.081368-0.152i -0.19543-1.4233e-17i -0.063604-0.12247i
0.50662+0.032924i -0.21116-0.030234i -0.063604+0.12247i 0.59173+1.3664e-16i

[85] 0.0010801
-0.13868-9.0754e-17i 0.15649-0.015865i -0.058468+0.37676i 0.030353-0.3735i
0.15649+0.015865i 0.58902-9.0754e-17i -0.32347+0.073419i 0.061953-0.24751i
-0.058468-0.37676i -0.32347-0.073419i 0.0043133-3.6302e-16i -0.04165-0.59808i
0.030353+0.3735i 0.061953+0.24751i -0.04165+0.59808i 0.20667+7.2604e-17i

[86] 0.0010801
0.098929+9.8685e-18i -0.11758-0.19966i -0.064055+0.037151i 0.38503-0.17597i
-0.11758+0.19966i -0.11937-3.9474e-17i 0.036423-0.28477i -0.13596+0.024471i
-0.064055-0.037151i 0.036423+0.28477i 0.15718+4.9342e-17i 0.057455-0.10927i
0.38503+0.17597i -0.13596-0.024471i 0.057455+0.10927i 0.73332+7.8948e-17i

[87] 0.0010801
-0.23976-3.5579e-17i -0.19774-0.10589i 0.033905+0.026378i -0.16678-0.21071i
-0.19774+0.10589i 0.46823 0.44659+0.1383i -0.17981+0.19516i
0.033905-0.026378i 0.44659-0.1383i 0.55199-1.5418e-16i 0.1659-0.19462i
-0.16678+0.21071i -0.17981-0.19516i 0.1659+0.19462i 0.17373+9.4877e-17i

[88] 0.0010801
0.11142+3.5725e-17i 0.29942+0.095966i 0.11867-0.10807i 0.039799+0.071838i
0.29942-0.095966i 0.61502-3.2153e-16i 0.34703+0.051097i 0.13202+0.317i
0.11867+0.10807i 0.34703-0.051097i 0.016253+6.0286e-17i -0.013479-0.10533i
0.039799-0.071838i 0.13202-0.317i -0.013479+0.10533i 0.093974+5.7495e-17i

[89] 0.0010801
-0.12169-1.4168e-16i -0.011176-0.33384i 0.037802-0.08657i 0.1702+0.10643i
-0.011176+0.33384i 0.34906+4.0479e-17i 0.22041+0.20685i 0.41146-0.024099i
0.037802+0.08657i 0.22041-0.20685i -0.18699+2.1758e-16i 0.47285-0.023042i
0.1702-0.10643i 0.41146+0.024099i 0.47285+0.023042i 0.25355-2.024e-17i

[90] 0.0010801
-0.021237+1.5921e-16i 0.096943+0.24243i 0.2633+0.021935i 0.074751-0.20951i
0.096943-0.24243i 0.18707-1.213e-16i -0.20595+0.0049943i -0.19251-0.53614i
0.2633-0.021935i -0.20595-0.0049943i 0.71384-5.0542e-17i 0.11622+0.014266i
0.074751+0.20951i -0.19251+0.53614i 0.11622-0.014266i 0.098082+1.0108e-16i

[91] 0.0011225
-0.19257+1.058e-16i -0.30073-0.22522i 0.16007-0.19591i -0.081641+0.16739i
-0.30073+0.22522i 0.0987+2.0834e-16i -0.43444+0.18876i 0.11286+0.36866i
0.16007+0.19591i -0.43444-0.18876i -0.015594-1.0417e-16i -0.55694+0.32315i
-0.081641-0.16739i 0.11286-0.36866i -0.55694-0.32315i 0.33333+4.6225e-16i

[92] 0.0011225
-0.34725+1.6681e-16i -0.099812-0.29163i -0.16899-0.073575i -0.24305+0.21235i
-0.099812+0.29163i 0.28076+2.3008e-17i 0.47457+0.30551i 0.047449+0.024306i
-0.16899+0.073575i 0.47457-0.30551i 0.30456-2.761e-16i -0.45841-0.00058429i
-0.24305-0.21235i 0.047449-0.024306i -0.45841+0.00058429i -0.4484

[93] 0.0011225
-0.51238+3.9712e-17i 0.21779-0.033499i -0.2949+0.099659i -0.0020646-0.12068i
0.21779+0.033499i -0.13808-3.9712e-17i 0.45421-0.10812i 0.023969-0.01567i
-0.2949-0.099659i 0.45421+0.10812i -0.27767+5.9568e-17i 0.00017538-0.052314i
-0.0020646+0.12068i 0.023969+0.01567i 0.00017538+0.052314i -0.32792+5.9568e-17i

[94] 0.0011225
-0.034789-1.8555e-16i -0.15031+0.024544i 0.30482+0.1431i 0.24498+0.18334i
-0.15031-0.024544i 0.2471-3.2471e-16i 0.15099-0.23386i 0.432-0.032334i
0.30482-0.1431i 0.15099+0.23386i -0.013569+2.7832e-16i 0.57642+0.16216i
0.24498-0.18334i 0.432+0.032334i 0.57642-0.16216i -0.16536-1.7395e-16i

[95] 0.0011225
0.18194-2.022e-17i -0.028332-0.21602i 0.4028+0.20656i -0.058482-0.4386i
-0.028332+0.21602i -0.24525+5.055e-16i -0.11474+0.09505i -0.17775+0.45288i
0.4028-0.20656i -0.11474-0.09505i 0.28828+3.311e-16i -0.086169-0.29969i
-0.058482+0.4386i -0.17775-0.45288i -0.086169+0.29969i -0.43752+1.2132e-16i

[96] 0.0011225
-0.045909-2.8585e-17i -0.098677+0.028386i 0.12973+0.23013i -0.14501+0.045129i
-0.098677-0.028386i -0.035554+7.6226e-17i 0.29591+0.082457i 0.43701-0.058379i
0.12973-0.23013i 0.29591-0.082457i 0.52316-1.5245e-16i 0.27162+0.20741i
-0.14501-0.045129i 0.43701+0.058379i 0.27162-0.20741i 0.1851

[97] 0.0011225
-0.41609-1.6919e-17i -0.10475+0.2925i 0.16246+0.10376i -0.22205-0.083707i
-0.10475-0.2925i -0.51133 0.063541+0.29622i -0.14945+0.1509i
0.16246-0.10376i 0.063541-0.29622i -0.4389+4.7936e-17i -0.032591+0.26976i
-0.22205+0.083707i -0.14945-0.1509i -0.032591-0.26976i 0.035009+9.0232e-17i

[98] 0.0011225
-0.24666-2.3426e-17i -0.062206+0.43988i 0.028047+0.045921i 0.03543-0.042726i
-0.062206-0.43988i -0.22724-1.8741e-16i 0.3077+0.0013287i -0.12245-0.54061i
0.028047-0.045921i 0.3077-0.0013287i 0.18771-7.0279e-17i 0.24413-0.3273i
0.03543+0.042726i -0.12245+0.54061i 0.24413+0.3273i 0.28832-9.3705e-17i

[99] 0.0011225
0.072393+1.1115e-16i 0.070545-0.050347i 0.014333-0.0472i 0.45059+0.36866i
0.070545+0.050347i 0.27617-2.3157e-17i -0.34998-0.2367i -0.045368+0.35325i
0.014333+0.0472i -0.34998+0.2367i 0.20988+1.8525e-17i 0.054703+0.082556i
0.45059-0.36866i -0.045368-0.35325i 0.054703-0.082556i 0.37511-1.1115e-16i

[100] 0.0011225
-0.17457-4.6979e-16i 0.027242+0.27271i 0.11535+0.13377i -0.14946-0.28678i
0.027242-0.27271i -0.027528-5.5435e-16i -0.035275-0.43933i -0.0044712+0.17534i
0.11535-0.13377i -0.035275+0.43933i 0.51318 0.2455-0.29889i
-0.14946+0.28678i -0.0044712-0.17534i 0.2455+0.29889i 0.31579-1.5033e-16i

[101] 0.0011225
-0.1524-9.8403e-17i -0.11938-0.032114i 0.087711+0.18614i -0.093045-0.19229i
-0.11938+0.032114i -0.38122-9.8403e-17i -0.3746-0.19975i 0.29187-0.13704i
0.087711-0.18614i -0.3746+0.19975i -0.412-1.3776e-16i 0.11364-0.073732i
-0.093045+0.19229i 0.29187+0.13704i 0.11364+0.073732i -0.27411-1.6729e-16i

[102] 0.0011225
-0.048027+1.8101e-17i -0.19955-0.25246i -0.097171+0.0049996i 0.25208-0.19994i
-0.19955+0.25246i 0.4794-1.2068e-17i 0.027945+0.2034i -0.29299-0.30411i
-0.097171-0.0049996i 0.027945-0.2034i -0.2351-1.4481e-16i -0.019282+0.57562i
0.25208+0.19994i -0.29299+0.30411i -0.019282-0.57562i -0.33241+4.827e-17i

[103] 0.0011225
-0.17503+9.364e-17i -0.023755-0.14342i 0.14749-0.16777i -0.16072-0.29687i
-0.023755+0.14342i 0.28679-2.6921e-16i 0.3824+0.24507i -0.27758+0.22046i
0.14749+0.16777i 0.3824-0.24507i 0.39243-1.8728e-16i -0.19137-0.4591i
-0.16072+0.29687i -0.27758-0.22046i -0.19137+0.4591i 0.12898-2.341e-17i

[104] 0.0011225
-0.039846-3.8343e-17i 0.052037-0.35287i -0.22384-0.072278i -0.20088+0.10479i
0.052037+0.35287i -0.42954+2.3006e-16i -0.10903-0.30906i 0.15865-0.21046i
-0.22384+0.072278i -0.10903+0.30906i -0.062839+5.1124e-17i 0.071458-0.519i
-0.20088-0.10479i 0.15865+0.21046i 0.071458+0.519i -0.26607+5.1124e-17i

[105] 0.0011225
-0.20224+4.3133e-16i -0.13216-0.16859i -0.095445-0.12865i 0.16699+0.13197i
-0.13216+0.16859i -0.36547-1.1981e-16i -0.18426-0.20583i -0.55963-0.059398i
-0.095445+0.12865i -0.18426+0.20583i 0.31391-7.1888e-17i 0.18974+0.049252i
0.16699-0.13197i -0.55963+0.059398i 0.18974-0.049252i -0.46124-1.1981e-16i

[106] 0.0011225
0.25132+9.9213e-17i 0.44955-0.00084736i -0.28208-0.20151i 0.044609-0.0075625i
0.44955+0.00084736i 0.27452+1.5874e-16i -0.21982-0.2061i 0.27202-0.43997i
-0.28208+0.20151i -0.21982+0.2061i -0.051262-5.4567e-17i 0.0015299-0.098362i
0.044609+0.0075625i 0.27202+0.43997i 0.0015299+0.098362i -0.44729-1.5874e-16i

[107] 0.0011225
-0.20028-1.717e-16i -0.26954-0.1974i -0.1623-0.11101i -0.01459+0.5014i
-0.26954+0.1974i -0.0661+2.1462e-17i 0.18707+0.26931i -0.31281-0.1768i
-0.1623+0.11101i 0.18707-0.26931i 0.19355-2.1462e-16i -0.43868+0.36552i
-0.01459-0.5014i -0.31281+0.1768i -0.43868-0.36552i -0.30817-4.2924e-17i

[108] 0.0011225
0.011791+6.7473e-17i -0.12567-0.14249i 0.14298+0.22807i 0.29568-0.0062924i
-0.12567+0.14249i -0.31383+2.4536e-17i -0.43083+0.031934i 0.087125+0.12332i
0.14298-0.22807i -0.43083-0.031934i -0.6151+4.9071e-17i 0.1594-0.40277i
0.29568+0.0062924i 0.087125-0.12332i 0.1594+0.40277i 0.41013+9.8143e-17i

[109] 0.0011225
-0.038665+2.4612e-16i 0.29734+0.35855i -0.0049462+0.15416i -0.10723+0.15143i
0.29734-0.35855i 0.47333-9.0528e-17i -0.16781+0.19485i -0.35084-0.47114i
-0.0049462-0.15416i -0.16781-0.19485i -0.23277-2.5107e-17i 0.043307-0.37417i
-0.10723-0.15143i -0.35084+0.47114i 0.043307+0.37417i 0.13188-1.6408e-16i

[110] 0.0011225
-0.364+4.3517e-16i -0.038319-0.21883i -0.29173+0.13607i -0.18548+0.004301i
-0.038319+0.21883i -0.28905+5.1327e-16i -0.15177-0.054164i 0.14493-0.19029i
-0.29173-0.13607i -0.15177+0.054164i -0.77121+4.2401e-16i 0.14135-0.12991i
-0.18548-0.004301i 0.14493+0.19029i 0.14135+0.12991i 0.20402+6.4717e-16i

[111] 0.0011225
-0.16064+1.8578e-16i 0.032682+0.0061867i 0.015923+0.15515i 0.30905+0.15223i
0.032682-0.0061867i -0.10909+1.6488e-16i -0.14679-0.081712i 0.26363-0.031188i
0.015923-0.15515i -0.14679+0.081712i -0.72866-3.7156e-17i 0.46323+0.13809i
0.30905-0.15223i 0.26363+0.031188i 0.46323-0.13809i 0.38536+7.4313e-17i

[112] 0.0011225
-0.084426+6.0533e-17i -0.045924-0.16174i -0.07545-0.050027i -0.10879-0.42847i
-0.045924+0.16174i -0.15553+2.1187e-16i 0.10065-0.51991i -0.21143+0.37669i
-0.07545+0.050027i 0.10065+0.51991i -0.15596-3.0267e-17i 0.26098-0.32281i
-0.10879+0.42847i -0.21143-0.37669i 0.26098+0.32281i 0.059984-1.5133e-17i

[113] 0.0011225
-0.23206-4.5976e-16i 0.010867-0.054316i -0.097853-0.26356i -0.048438+0.12425i
0.010867+0.054316i 0.013094-8.8416e-17i -0.21269-0.010639i 0.0061106-0.20882i
-0.097853+0.26356i -0.21269+0.010639i 0.28986+5.3049e-17i 0.50497+0.13095i
-0.048438-0.12425i 0.0061106+0.20882i 0.50497-0.13095i 0.511+1.061e-16i

[114] 0.0011225
0.081315+1.3382e-16i -0.12084-0.12256i -0.18033+0.043328i 0.28053+0.2783i
-0.12084+0.12256i 0.32562+1.6985e-16i 0.069618+0.072609i 0.26711-0.098313i
-0.18033-0.043328i 0.069618-0.072609i 0.051308+9.2646e-17i -0.21321-0.43653i
0.28053-0.2783i 0.26711+0.098313i -0.21321+0.43653i 0.38138+2.4448e-16i

[115] 0.0011225
-0.058801+5.5135e-17i -0.014732-0.11999i -0.21902-0.080849i 0.29322-0.10838i
-0.014732+0.11999i -0.044489-2.3157e-16i -0.094846-0.34407i 0.077132-0.13468i
-0.21902+0.080849i -0.094846+0.34407i 0.20606-1.1027e-16i -0.11534+0.13889i
0.29322+0.10838i 0.077132+0.13468i -0.11534-0.13889i 0.7774-4.4108e-16i

[116] 0.0011225
0.017606+8.2618e-17i 0.15588+0.16307i -0.24408-0.10519i -0.14488+0.098186i
0.15588-0.16307i -0.16326+3.0465e-16i -0.19161+0.37283i -0.38601+0.38938i
-0.24408+0.10519i -0.19161-0.37283i -0.18443-4.1309e-17i -0.085783+0.48539i
-0.14488-0.098186i -0.38601-0.38938i -0.085783-0.48539i 0.36677+4.1309e-17i

[117] 0.0011225
-0.16315-2.5858e-16i -0.10319-0.31669i -0.014593+0.26222i 0.076312-0.27873i
-0.10319+0.31669i 0.070241-3.3616e-16i -0.079169-0.64844i -0.20995-0.090505i
-0.014593-0.26222i -0.079169+0.64844i 0.21908+2.5212e-16i -0.26189+0.35245i
0.076312+0.27873i -0.20995+0.090505i -0.26189-0.35245i 0.06347-2.4565e-16i

[118] 0.0011225
-0.035232-6.0286e-17i 0.2602-0.05677i 0.27987+0.50443i -0.050217+0.092936i
0.2602+0.05677i -0.20123+1.8086e-16i 0.4046+0.42847i 0.037289+0.36206i
0.27987-0.50443i 0.4046-0.42847i -0.30142 -0.014633+0.29898i
-0.050217-0.092936i 0.037289-0.36206i -0.014633-0.29898i -0.091241+2.4114e-16i

[119] 0.0011225
-0.16746+2.1026e-17i -0.017329+0.025918i -0.21542-0.38411i 0.10636+0.053614i
-0.017329-0.025918i -0.66846+6.3077e-17i -0.41983-0.18778i -0.033002+0.076156i
-0.21542+0.38411i -0.41983+0.18778i -0.0097023-1.682e-16i -0.19281-0.35191i
0.10636-0.053614i -0.033002-0.076156i -0.19281+0.35191i -0.2142-8.7716e-17i

[120] 0.0011225
-0.14915-1.9912e-16i -0.30847-0.21223i -0.10901-0.04906i -0.15801-0.02689i
-0.30847+0.21223i 0.093151-2.0423e-16i 0.11542-0.37722i -0.17249+0.11255i
-0.10901+0.04906i 0.11542+0.37722i 0.057473+9.1902e-17i 0.13409+0.21245i
-0.15801+0.02689i -0.17249-0.11255i 0.13409-0.21245i -0.74696-8.1691e-17i

[121] 0.0011665
-0.15121+6.2024e-17i 0.29937+0.031008i -0.26954-0.18011i -0.011115-0.30427i
0.29937-0.031008i 0.58368+8.2698e-17i -0.096492-0.58705i 0.085401-0.0016372i
-0.26954+0.18011i -0.096492+0.58705i -0.43063+2.0675e-17i 0.086309-0.081764i
-0.011115+0.30427i 0.085401+0.0016372i 0.086309+0.081764i -0.11584-1.2663e-16i

[122] 0.0011665
-0.33049-9.2607e-17i 0.10848-0.30776i 0.21159-0.28643i 0.040782-0.16734i
0.10848+0.30776i -0.019534+1.5434e-17i 0.20871-0.052642i -0.76621-0.062733i
0.21159+0.28643i 0.20871+0.052642i -0.62107+4.6303e-17i -0.15689-0.21022i
0.040782+0.16734i -0.76621+0.062733i -0.15689+0.21022i 0.28447+9.2607e-17i

[123] 0.0011665
-0.18534-3.1557e-16i 0.080636+0.023712i 0.31413+0.15801i -0.016815-0.21506i
0.080636-0.023712i -0.074303+2.6297e-17i 0.22422-0.083298i -0.12745+0.13824i
0.31413-0.15801i 0.22422+0.083298i 0.81275-2.9453e-16i 0.16067-0.042382i
-0.016815+0.21506i -0.12745-0.13824i 0.16067+0.042382i 0.21427-1.4726e-16i

[124] 0.0011665
-0.41945-2.4991e-16i -0.042837+0.0022903i 0.00085947-0.20518i 0.18647-0.34485i
-0.042837-0.0022903i -0.37296-5.5694e-16i 0.17292-0.20291i -0.042211+0.21326i
0.00085947+0.20518i 0.17292+0.20291i -0.1074-9.2823e-17i -0.21505-0.3536i
0.18647+0.34485i -0.042211-0.21326i -0.21505+0.3536i -0.2701-5.7122e-17i

[125] 0.0011665
-0.27786-1.2589e-16i 0.017885+0.039334i 0.012449-0.11174i -0.3017-0.40881i
0.017885-0.039334i -0.81804+3.0215e-16i -0.3158-0.013009i -0.13459-0.22027i
0.012449+0.11174i -0.3158+0.013009i -0.40916+1.7625e-16i 0.2677+0.41318i
-0.3017+0.40881i -0.13459+0.22027i 0.2677-0.41318i -0.11087+2.5808e-16i

[126] 0.0011665
-0.14512+2.4155e-16i -0.0294+0.36308i 0.062786+0.097809i 0.052076+0.0017712i
-0.0294-0.36308i -0.4246+4.0259e-17i 0.11158+0.11133i 0.32404-0.50337i
0.062786-0.097809i 0.11158-0.11133i -0.31976-1.0065e-16i 0.1639-0.1871i
0.052076-0.0017712i 0.32404+0.50337i 0.1639+0.1871i -0.077097+2.0129e-16i

[127] 0.0011665
0.12169-3.3104e-16i 0.27319+0.33848i 0.20713-0.15556i -0.081355-0.21207i
0.27319-0.33848i 0.077763+3.0739e-16i 0.10379-0.53682i 0.039493-0.43106i
0.20713+0.15556i 0.10379+0.53682i -0.039089+2.069e-17i 0.094029-0.14166i
-0.081355+0.21207i 0.039493+0.43106i 0.094029+0.14166i -0.64551-1.1823e-16i

[128] 0.0011665
0.22896+2.7008e-17i -0.19011-0.079314i 0.11315-0.28282i 0.36351-0.039137i
-0.19011+0.079314i -0.097411-9.0026e-18i -0.25317+0.05746i 0.13528+0.22409i
